"country"	"GEI_Schmitt"	"HDI_Schmitt"	"GDP_Schmitt"	"gini_Schmitt"	"GEI_Giolla"	"HDI_Giolla"	"GDP_Giolla"	"gini_Giolla"	"GEI_Lee"	"HDI_Lee"	"GDP_Lee"	"gini_Lee"	"GEI_ESS"	"HDI_ESS"	"GDP_ESS"	"gini_ESS"	"GEI_Falk"	"HDI_Falk"	"GDP_Falk"	"gini_Falk"	"GEI_Stoet"	"HDI_Stoet"	"GDP_Stoet"	"gini_Stoet"	"GEI_Vishkin"	"HDI_Vishkin"	"GDP_Vishkin"	"gini_Vishkin"	"GEI_Asperholm"	"HDI_Asperholm"	"GDP_Asperholm"	"gini_Asperholm"	"GEI_Bleidorn"	"HDI_Bleidorn"	"GDP_Bleidorn"	"gini_Bleidorn"	"GEI_Buss"	"HDI_Buss"	"GDP_Buss"	"gini_Buss"	"GEI_ElseQuest"	"HDI_ElseQuest"	"GDP_ElseQuest"	"gini_ElseQuest"	"GEI_Homicide"	"HDI_Homicide"	"GDP_Homicide"	"gini_Homicide"	"GEI_Maes"	"HDI_Maes"	"GDP_Maes"	"gini_Maes"	"GEI_Randler"	"HDI_Randler"	"GDP_Randler"	"gini_Randler"	"GEI_Schmitt_new"	"HDI_Schmitt_new"	"GDP_Schmitt_new"	"gini_Schmitt_new"	"GEI_Silverman"	"HDI_Silverman"	"GDP_Silverman"	"gini_Silverman"	"GEI_Stoet_new"	"HDI_Stoet_new"	"GDP_Stoet_new"	"gini_Stoet_new"	"GEI_Breda"	"HDI_Breda"	"GDP_Breda"	"gini_Breda"	"GEI_WVSB5"	"HDI_WVSB5"	"GDP_WVSB5"	"gini_WVSB5"	"GEI_GPIPP"	"HDI_GPIPP"	"GDP_GPIPP"	"gini_GPIPP"
"Australia"	0.954	0.906	48453.013800548	33.5	0.7242	0.919666666666667	53097.2183989935	35.05	0.59	0.9354	57312.6348778082	34.1333333333333	NA	NA	NA	NA	0.81	0.9173	52317.6450030746	34.175	0.73	0.933	56708.96119674	NA	0.097	0.941	58868.4806341229	NA	0.68	0.903111111111111	30441	33.4454545454545	0.873347826086956	0.919565217391304	52601.0948595453	34.075	0.815	0.865	36964.6724453489	33.2	0.754	0.906	48453.013800548	33.5	NA	NA	NA	NA	0.85162962962963	0.903111111111111	47519.7934569194	33.4454545454545	0.855379310344828	0.905586206896551	48248.8086460832	33.84	0.738	0.936	24574	33.5	0.864	0.908	49959.0724111333	33.1	0.72	0.9092	49982.803842377	33.875	0.73	0.93	55269.9192801293	NA	NA	NA	NA	NA	0.873347826086956	0.919565217391304	52601.0948595453	34.075
"Austria"	0.926	0.881	39815.2219533064	29.5	NA	NA	NA	NA	0.35	0.9134	44893.5172916034	30.46	0.887	0.898	42655.1921304813	31.5	0.76	0.8954	42761.2422142054	30.17	0.73	0.91	44195.8175947748	30.5	0.069	0.919	46647.0809634335	30.2	-0.29	0.877074074074074	48324	30.1619047619048	0.892913043478261	0.896217391304348	42532.7643937162	30.2285714285714	NA	NA	NA	NA	0.782	0.881	39815.2219533064	29.5	0.9285	0.913	44858.7182090711	30.3875	NA	NA	NA	NA	NA	NA	NA	NA	0.723	0.921	25089	NA	0.874	0.886	40651.2266155811	29.8	0.72	0.8867	41294.1213015805	29.8875	0.74	0.906	44549.881698231	30.5	NA	NA	NA	NA	0.892913043478261	0.896217391304348	42532.7643937162	30.2285714285714
"Belgium"	0.941	0.895	36617.3803840227	28.1	NA	NA	NA	NA	0.61	0.9272	41391.1636516394	27.6	0.904	0.91	39025.2207908291	28.6	NA	NA	NA	NA	0.75	0.924	41008.296719472	27.7	0.043	0.936	43107.214821718	27.2	0.42	0.888	44404	28.075	0.906826086956522	0.909304347826087	39027.1120310481	28.3263157894737	0.82	0.816	29441.6621481593	NA	0.695	0.895	36617.3803840227	28.1	0.941	0.927	41331.6818490638	27.3625	NA	NA	NA	NA	NA	NA	NA	NA	0.692	0.935	25443	NA	0.895	0.9	37761.2813189981	30.5	0.72	0.8997	37943.1046572313	29.4125	0.77	0.915	39975.5736402458	27.5	NA	NA	NA	NA	0.906826086956522	0.909304347826087	39027.1120310481	28.3263157894737
"Canada"	0.946	0.897	39257.7618963901	33.8	0.724566666666667	0.91	41561.7802350873	33.6833333333333	0.66	0.9286	44002.2232971835	33.08	NA	NA	NA	NA	0.78	0.9082	41202.7584860453	33.68	0.74	0.926	43596.1355365546	33.7	0.08	0.937	45113.0662817802	31.7	1.11	0.895851851851852	47446	32.9974358974359	0.874478260869565	0.911086956521739	41246.4821672654	33.3909090909091	0.807	0.86	31707.4817047179	31	0.771	0.897	39257.7618963901	33.8	0.9045	0.92925	43792.1192635114	32.9857142857143	0.850777777777778	0.895851851851852	38047.8661039136	32.8944444444445	0.855034482758621	0.898344827586207	38501.2192024361	32.8454545454546	0.763	0.936	26251	33.6	0.866	0.901	40093.807340436	33.8	0.71	0.9011	40153.9029418629	33.76	0.74	0.921	42315.8073891558	33.5	NA	NA	NA	NA	0.874478260869565	0.911086956521739	41246.4821672654	33.3909090909091
"Denmark"	NA	NA	NA	NA	NA	NA	NA	NA	0.88	0.9394	54502.9885340229	28.34	0.949	0.909	50457.2324892863	26.7	NA	NA	NA	NA	0.77	0.936	53254.8563700916	28.2	0.038	0.946	57203.0277943447	27.7	0.89	0.893037037037037	60362	26.2777777777778	0.952	0.917304347826087	52077.1830949157	26.9052631578947	NA	NA	NA	NA	0.825	0.901	49599.9969640753	25.6	0.972375	0.940375	54681.0698031035	28.175	0.934	0.893037037037037	48425.863359036	26.2777777777778	NA	NA	NA	NA	NA	NA	NA	NA	0.945	0.906	50792.00095345	24.9	0.75	0.9043	51190.7204890105	25.4375	0.78	0.931	51567.0401502519	27.8	NA	NA	NA	NA	0.952	0.917304347826087	52077.1830949157	26.9052631578947
"England"	NA	NA	NA	NA	NA	NA	NA	NA	NA	NA	NA	NA	NA	NA	NA	NA	NA	NA	NA	NA	NA	NA	NA	NA	NA	NA	NA	NA	NA	NA	NA	NA	NA	NA	NA	NA	NA	NA	NA	NA	NA	NA	NA	NA	NA	NA	NA	NA	NA	NA	NA	NA	NA	NA	NA	NA	NA	NA	NA	NA	NA	NA	NA	NA	NA	NA	NA	NA	NA	NA	NA	NA	NA	NA	NA	NA	NA	NA	NA	NA
"Estonia"	0.852	0.816	12362.2482843024	37.2	NA	NA	NA	NA	NA	NA	NA	NA	0.804	0.856	14205.3948829766	31.4	0.755	0.8499	15123.9549515734	32.98	0.75	0.882	17402.0376128079	32.7	0.086	0.896	20269.575137379	30.8	1.22	0.80662962962963	17491	33.1	0.817913043478261	0.848652173913044	15193.5019892699	32.5333333333333	0.611	0.732	NA	NA	0.56	0.816	12362.2482843024	37.2	NA	NA	NA	NA	NA	NA	NA	NA	NA	NA	NA	NA	0.552	0.812	8355	NA	NA	NA	NA	NA	0.71	0.8284	13670.6336097926	33.2	0.7	0.874	16257.4722043516	32.9	NA	NA	NA	NA	0.817913043478261	0.848652173913044	15193.5019892699	32.5333333333333
"Finland"	0.94	0.907	40044.3048555829	27.7	0.8182	0.910833333333333	44514.6300084241	27.8166666666667	1.43	0.9316	44038.6690869005	27.14	0.931	0.907	42412.0978494183	27.5	1	0.9094	43482.2128338803	27.72	0.85	0.93	42801.9081167285	27.1	0.047	0.939	46135.8814242631	27.7	1.16	0.886962962962963	47107	26.7333333333333	0.931826086956522	0.913217391304348	42415.54945904	27.4789473684211	0.895	0.814	31279.9519664591	NA	0.801	0.907	40044.3048555829	27.7	0.954125	0.932625	44294.8698036827	27.2125	0.918666666666667	0.886962962962963	38243.868894878	26.7333333333333	0.921551724137931	0.890275862068965	38737.4486021776	26.795	0.783	0.925	23096	NA	0.912	0.902	41522.1750841224	27.9	0.82	0.9048	41917.5044040936	27.75	0.85	0.915	43637.2486713657	27.1	NA	NA	NA	NA	0.931826086956522	0.913217391304348	42415.54945904	27.4789473684211
"Germany"	0.926	0.905	34619.6640670185	29.9	0.75175	0.9235	37791.4609674418	30.75	0.88	0.941	41840.9492111486	31.48	0.902	0.923	36190.3928860698	30.5	0.84	0.9207	37178.2334903289	30.73	0.78	0.938	41103.2564363768	31.4	0.084	0.948	43284.6024553493	31.7	-0.52	0.897296296296296	30564	29.9769230769231	0.899260869565217	0.921173913043478	38128.6868348615	30.6181818181818	0.817	0.829	29485.7099744881	NA	0.776	0.905	34619.6640670185	29.9	0.91925	0.941375	41784.3483819657	31.5142857142857	NA	NA	NA	NA	0.883034482758621	0.900551724137931	35896.0284326078	30.1107142857143	0.749	0.921	23742	29.9	0.893	0.914	35034.0806086181	30.2	0.74	0.9103	35835.8927909188	30.38	0.76	0.933	40069.3539560742	31.1	0.9142	0.9322	39758.7573712958	30.9	0.899260869565217	0.921173913043478	38128.6868348615	30.6181818181818
"Iceland"	NA	NA	NA	NA	NA	NA	NA	NA	NA	NA	NA	NA	0.901	0.9	49527.3988280929	28.7	NA	NA	NA	NA	0.88	0.945	52951.6815110898	26.8	0.058	0.96	57461.8019611457	NA	1.26	0.881444444444444	56097	27.9285714285714	0.904217391304348	0.912347826086957	49440.4267003614	27.8066666666667	NA	NA	NA	NA	0.847	0.891	43763.7756121132	26.8	0.942	0.94875	54343.6012450093	26.66	NA	NA	NA	NA	NA	NA	NA	NA	NA	NA	NA	NA	0.885	0.895	46766.0168708212	28	0.8	0.8937	47571.3689647981	29.1428571428571	0.86	0.921	49191.574417162	26.8	NA	NA	NA	NA	0.904217391304348	0.912347826086957	49440.4267003614	27.8066666666667
"Ireland"	NA	NA	NA	NA	0.7585	0.897833333333333	48522.8117200487	32.2333333333333	1.14	0.9278	62967.2968211072	31.7	0.832	0.895	45919.6827420934	32.7	NA	NA	NA	NA	0.81	0.925	62053.9844381587	31.8	0.093	0.942	75239.3028933993	30.8	0.89	0.850333333333333	61314	33.36	0.846695652173913	0.895521739130435	52327.3835927242	32.21	0.774	0.737	23181.0178451808	NA	0.683	0.873	46046.6534802097	32.9	NA	NA	NA	NA	0.819259259259259	0.850333333333333	41569.9850701545	33.36	0.825862068965517	0.856206896551724	43524.6651909808	33.1454545454545	NA	NA	NA	NA	0.807	0.881	48281.5083780917	33.6	0.75	0.8789	47352.0080490356	32.6444444444444	0.78	0.903	46422.5257382515	33.2	NA	NA	NA	NA	0.846695652173913	0.895521739130435	52327.3835927242	32.21
"Latvia"	0.834	0.787	8591.26791254397	NA	NA	NA	NA	NA	NA	NA	NA	NA	0.759	0.826	11237.1089285212	36	NA	NA	NA	NA	0.75	0.85	13786.4567953114	34.2	0.176	0.871	16069.8404323203	34.5	NA	NA	NA	NA	0.765434782608696	0.817913043478261	11436.8260419318	35.7470588235294	NA	NA	NA	NA	0.576	0.787	8591.26791254397	NA	0.80375	0.85775	14535.9802606088	35	NA	NA	NA	NA	NA	NA	NA	NA	0.54	0.791	6264	NA	NA	NA	NA	NA	0.74	0.7983	9954.82234284723	36.95	0.76	0.833	12410.3652614992	35.2	NA	NA	NA	NA	0.765434782608696	0.817913043478261	11436.8260419318	35.7470588235294
"Liechtenstein"	NA	NA	NA	NA	NA	NA	NA	NA	NA	NA	NA	NA	NA	NA	NA	NA	NA	NA	NA	NA	NA	NA	NA	NA	NA	NA	NA	NA	NA	NA	NA	NA	NA	NA	NA	NA	NA	NA	NA	NA	NA	0.895	NA	NA	NA	0.927875	167809.21268111	NA	NA	NA	NA	NA	NA	NA	NA	NA	NA	NA	NA	NA	NA	NA	NA	NA	NA	0.8995	NA	NA	NA	0.923	NA	NA	NA	NA	NA	NA	NA	NA	NA	NA
"Luxembourg"	NA	NA	NA	NA	NA	NA	NA	NA	NA	NA	NA	NA	0.889	0.905	104574.349887682	31.2	NA	NA	NA	NA	0.74	0.915	105462.012584423	32.9	0.065	0.927	106729.024882424	34.2	-0.03	0.868962962962963	113727	30.0625	0.887826086956522	0.897739130434783	102180.651134082	31.8173913043478	NA	NA	NA	NA	NA	0.873	97597.9969176553	30.2	NA	NA	NA	NA	NA	NA	NA	NA	NA	NA	NA	NA	NA	NA	NA	NA	NA	NA	NA	NA	0.68	0.8823	101485.481012508	30.9	0.74	0.916	104487.744238704	34.3	NA	NA	NA	NA	0.887826086956522	0.897739130434783	102180.651134082	31.8173913043478
"Netherlands"	0.939	0.894	40785.1222216206	NA	0.7406	0.9145	44659.591548233	28.7333333333333	0.8	0.9344	46095.6494746783	28.32	0.947	0.913	44027.6025577706	27.9	0.84	0.9104	43663.7824720184	28.7555555555556	0.78	0.932	45193.4032187971	28.2	0.043	0.943	48443.7320540283	29.2	0.53	0.896814814814815	49475	28.7055555555556	0.942	0.914826086956522	43694.0754257395	28.4333333333333	0.878	0.847	31106.0519601296	NA	0.794	0.894	40785.1222216206	NA	NA	NA	NA	NA	NA	NA	NA	NA	NA	NA	NA	NA	0.755	0.931	24215	NA	0.925	0.897	41450.4042697266	29.8	0.74	0.9013	42559.3343756324	29.2666666666667	0.77	0.927	44242.9735261304	27.6	0.955	0.9262	44415.9979350656	27.98	0.942	0.914826086956522	43694.0754257395	28.4333333333333
"New Zealand"	0.929	0.903	33487.0922497671	NA	0.77525	0.917833333333333	35699.0207930951	NA	0.92	0.9332	39203.7471124251	NA	NA	NA	NA	NA	NA	NA	NA	NA	0.78	0.931	38630.7265886928	NA	0.123	0.937	40757.3681518167	NA	1.37	0.888703703703704	28201	NA	0.844652173913043	0.915217391304348	35706.6564653836	NA	0.762	0.806	26371.0033166896	NA	0.75	0.903	33487.0922497671	NA	NA	NA	NA	NA	0.818518518518519	0.888703703703704	32421.5358721815	NA	0.823655172413793	0.891931034482759	32950.1871709935	NA	0.756	0.913	19104	NA	0.817	0.906	34342.1536966089	NA	0.79	0.9062	34098.6196198989	NA	0.78	0.924	36501.1838580464	NA	NA	NA	NA	NA	0.844652173913043	0.915217391304348	35706.6564653836	NA
"Norway"	NA	NA	NA	NA	0.822116666666667	0.939333333333333	74164.5100074502	26.2833333333333	1.59	0.9562	75325.7686518689	27.48	0.922	0.936	73141.3073422967	26.2	NA	NA	NA	NA	0.85	0.953	74809.9658049898	27.5	0.045	0.961	76712.2871258373	27.7	1.21	0.911111111111111	101564	26.9736842105263	0.938347826086957	0.936565217391304	72766.9286587922	27.3388888888889	0.871	0.838	49937.4557760277	NA	0.837	0.919	69719.312268163	27.6	0.9705	0.95625	75268.0313533584	27.3571428571429	0.915555555555556	0.911111111111111	67277.7121950726	26.9736842105263	0.919965517241379	0.91451724137931	67900.6651166183	27.01	NA	NA	NA	NA	0.931	0.927	72091.0132971416	31.6	0.82	0.9264	72107.5676928831	27.9875	0.84	0.946	73661.6785918009	25.7	NA	NA	NA	NA	0.938347826086957	0.936565217391304	72766.9286587922	27.3388888888889
"Scotland"	NA	NA	NA	NA	NA	NA	NA	NA	NA	NA	NA	NA	NA	NA	NA	NA	NA	NA	NA	NA	NA	NA	NA	NA	NA	NA	NA	NA	NA	NA	NA	NA	NA	NA	NA	NA	NA	NA	NA	NA	NA	NA	NA	NA	NA	NA	NA	NA	NA	NA	NA	NA	NA	NA	NA	NA	NA	NA	NA	NA	NA	NA	NA	NA	NA	NA	NA	NA	NA	NA	NA	NA	NA	NA	NA	NA	NA	NA	NA	NA
"Sweden"	NA	NA	NA	NA	0.810416666666667	0.907333333333333	48251.247697502	27.3666666666667	1.31	0.9388	51783.2925672124	29.2	0.951	0.904	46043.4809449994	27.3	0.93	0.9072	47246.9658304184	27	0.82	0.937	51545.4836095322	29.2	0.039	0.947	53490.3518198746	29.3	1.53	0.891481481481482	43085	26.6380952380952	0.954434782608696	0.917434782608696	47305.2436463749	27.8	0.901	0.81	34570.3057339939	NA	0.831	0.915	43194.9261684047	25.3	NA	NA	NA	NA	0.940925925925926	0.891481481481482	42624.2157703783	26.755	NA	NA	NA	NA	NA	NA	NA	NA	0.952	0.9	44891.323206397	26.1	0.81	0.9061	45076.9806984385	26.6777777777778	0.82	0.911	48885.5484179725	27.6	NA	NA	NA	NA	0.954434782608696	0.917434782608696	47305.2436463749	27.8
"Switzerland"	0.946	0.895	73254.952914928	NA	NA	NA	NA	NA	0.94	0.9556	84707.2218537275	32.72	0.941	0.936	79585.5215942023	32.9	0.69	0.9227	79162.5833380083	32.9714285714286	0.79	0.954	83806.4476003837	32.3	0.025	0.962	87123.6604363226	NA	0.14	0.902296296296296	63223	33.0733333333333	0.937521739130435	0.926173913043478	79698.498205143	32.8	NA	NA	NA	NA	0.72	0.895	73254.952914928	NA	0.96675	0.9555	84696.8087163412	32.6833333333333	NA	NA	NA	NA	NA	NA	NA	NA	0.696	0.924	27171	NA	0.917	0.901	74718.6836114474	NA	0.74	0.9064	76848.4975194998	33.3333333333333	0.77	0.945	81964.8864216996	31.6	NA	NA	NA	NA	0.937521739130435	0.926173913043478	79698.498205143	32.8
"United Kingdom"	0.937	0.878	41482.4617064963	34.9	0.7416	0.902833333333333	43113.362483462	34.6166666666667	0.75	0.9268	45728.6761513963	33.16	0.814	0.906	41705.9391234683	35.1	0.76	0.8988	42824.296283862	34.6	0.76	0.924	45071.0743234873	33.3	0.118	0.935	47491.5945630059	32.8	0.57	0.873037037037037	40048	32.9977272727273	0.825782608695652	0.900391304347826	42775.9772725423	34.5347826086957	0.748	0.804	31576.3473320673	33.4	0.675	0.878	41482.4617064963	34.9	NA	NA	NA	NA	0.796037037037037	0.873037037037037	39384.0535007635	33.6282051282051	0.802206896551724	0.876931034482758	39892.2276204486	34.7181818181818	0.671	0.923	22093	37.1	0.794	0.889	42214.3534177336	34.8	0.74	0.8862	42001.1156995349	35.7	0.74	0.909	42821.7612838063	33.1	NA	NA	NA	NA	0.825782608695652	0.900391304347826	42775.9772725423	34.5347826086957
"United States"	0.942	0.895	50036.2342349321	40.8	0.720316666666667	0.908	53374.3965133825	40.75	0.49	0.9224	57509.1254117663	41.28	NA	NA	NA	NA	0.7	0.9057	52877.1011698111	40.75	0.74	0.92	56762.7294515989	41.2	0.204	0.93	60698.0112990179	41.5	0.93	0.897851851851852	48374	38.7886363636364	0.758782608695652	0.908434782608696	53475.7054057492	40.7347826086956	0.712	0.872	39303.4890094262	38.2	0.76	0.895	50036.2342349321	40.8	NA	NA	NA	NA	0.737888888888889	0.897851851851852	48921.4924842853	39.1871794871795	0.742034482758621	0.899758620689655	49610.1816912531	40.0666666666667	0.738	0.934	31872	40.6	0.741	0.898	51485.2074124697	40.3	0.72	0.8993	51476.718057026	40.68	0.74	0.916	54213.4595516389	40.9	NA	NA	NA	NA	0.758782608695652	0.908434782608696	53475.7054057492	40.7347826086956
"Czech Republic"	0.872	0.831	13428.099616179	NA	NA	NA	NA	NA	-0.01	0.8928	18371.3823508786	25.42	0.844	0.865	16160.6205565942	26.2	0.66	0.8566	15824.6996406195	26.5222222222222	0.69	0.891	17829.6983223668	25.9	0.136	0.897	20206.4256384905	25.3	0.36	0.823629629629629	18334	26.0058823529412	0.849347826086956	0.858217391304348	15973.8172565386	26.1333333333333	NA	NA	NA	NA	0.579	0.831	13428.099616179	NA	0.865125	0.89175	18463.1610597494	25.6375	NA	NA	NA	NA	NA	NA	NA	NA	0.546	0.844	13018	NA	0.847	0.836	14070.2804589818	27.5	0.68	0.8401	14637.94601309	26.6	0.68	0.874	16606.9925391504	26.1	NA	NA	NA	NA	0.849347826086956	0.858217391304348	15973.8172565386	26.1333333333333
"France"	0.935	0.851	34183.6633444538	31.4	0.700983333333333	0.874333333333333	35942.1934810206	32.4666666666667	0.64	0.8956	37188.423567919	32.18	0.871	0.872	35129.3622360858	32.7	0.73	0.8703	35612.13609673	31.97	0.76	0.892	36652.9223052178	32.7	0.049	0.905	38832.0242014303	31.2	0.48	0.852481481481482	45413	32.38	0.866826086956522	0.873565217391304	35597.3689727956	32.004347826087	0.765	0.791	28617.4435701151	NA	NA	0.851	34183.6633444538	31.4	0.91	0.896	37086.1760136357	31.9125	NA	NA	NA	NA	0.839965517241379	0.855724137931034	33752.3135516589	32.0916666666667	NA	0.924	22897	32.5	0.841	0.858	34893.5298119974	30.6	0.73	0.8602	34980.55366129	31.65	0.7	0.882	36182.1511275816	33.1	NA	NA	NA	NA	0.866826086956522	0.873565217391304	35597.3689727956	32.004347826087
"Hungary"	NA	NA	NA	NA	NA	NA	NA	NA	-0.44	0.8426	13198.3038944259	30.36	0.767	0.825	11162.0559722742	27	0.61	0.8173	11328.1133942577	29.4111111111111	0.67	0.838	12717.038597002	30.4	0.233	0.853	15083.5991718742	30	NA	0.786074074074074	NA	29.8307692307692	0.741217391304348	0.817086956521739	11542.7489930684	29.8647058823529	NA	NA	NA	NA	0.518	0.798	10255.6101131603	NA	0.7445	0.844375	13401.3255906502	30.375	NA	NA	NA	NA	0.725068965517241	0.790275862068965	10325.7679816342	29.8666666666667	NA	NA	NA	NA	0.743	0.801	10792.7374278506	29.9	0.69	0.803	10710.3897123777	29.2166666666667	0.67	0.831	11466.1419094704	30.8	NA	NA	NA	NA	0.741217391304348	0.817086956521739	11542.7489930684	29.8647058823529
"Italy"	0.928	0.858	32897.3907788976	34.9	NA	NA	NA	NA	0.11	0.8866	30749.1316233959	35.28	0.875	0.878	31615.2708145085	33.8	0.62	0.8747	32775.6247318339	34.22	0.73	0.882	30242.3861352184	35.4	0.069	0.897	32114.2998563994	34.6	-0.11	0.847666666666667	35852	34.3727272727273	0.872913043478261	0.87195652173913	31888.503655869	34.765	0.759	0.778	27490.6320397627	32.6	0.561	0.858	32897.3907788976	34.9	0.93025	0.887625	30686.3788113968	35.1375	0.834185185185185	0.847666666666667	31034.9906822255	34.3727272727273	0.841241379310345	0.850620689655173	31061.4639924541	34.4708333333333	0.536	0.909	22172	NA	0.823	0.865	33150.4762169416	34.3	0.68	0.864	33059.6836273489	34.0625	0.67	0.883	31184.5584255896	35.2	NA	NA	NA	NA	0.872913043478261	0.87195652173913	31888.503655869	34.765
"Lithuania"	0.851	0.8	8275.80344758031	NA	NA	NA	NA	NA	0.26	0.8694	15005.9596048704	37.3	0.834	0.839	10699.7894581629	37.2	0.77	0.83	10856.3248193525	35.0666666666667	0.74	0.862	14263.9645773495	37.4	0.124	0.884	17249.7184431077	35.3	NA	NA	NA	NA	0.824304347826087	0.82995652173913	11496.6371075715	35.8058823529412	NA	NA	NA	NA	0.499	0.8	8275.80344758031	NA	0.8705	0.8705	15347.8932700969	36.6375	NA	NA	NA	NA	NA	NA	NA	NA	0.474	0.803	6656	NA	NA	NA	NA	NA	0.72	0.8086	9347.79362420066	35.7333333333333	0.72	0.851	12678.6926859879	35.1	NA	NA	NA	NA	0.824304347826087	0.82995652173913	11496.6371075715	35.8058823529412
"Malta"	0.858	0.812	17746.8839106899	NA	NA	NA	NA	NA	NA	NA	NA	NA	NA	NA	NA	NA	NA	NA	NA	NA	0.67	0.889	24921.6778983872	29.4	0.175	0.915	28660.0276642308	31	NA	NA	NA	NA	NA	NA	NA	NA	NA	NA	NA	NA	NA	NA	NA	NA	0.817375	0.89625	25596.7422823679	29.575	NA	NA	NA	NA	NA	NA	NA	NA	NA	0.866	15189	NA	NA	NA	NA	NA	0.66	0.82	18213.0656077957	29.1	NA	NA	NA	NA	NA	NA	NA	NA	0.752260869565217	0.848173913043478	20764.8934775421	29.3666666666667
"Poland"	0.856	0.811	7864.51826399203	NA	NA	NA	NA	NA	0.09	0.8714	13105.8873182916	31.14	0.826	0.835	10419.2148703063	33.4	0.7	0.8286	9756.94682394824	34.3111111111111	0.72	0.868	12560.051419682	31.8	0.115	0.881	15053.2393552684	28.8	0.52	0.799888888888889	13142	33.6692307692308	0.843565217391304	0.835652173913043	10455.0832666449	32.9	0.707	0.716	5111.3453296443	NA	0.594	0.811	7864.51826399203	NA	NA	NA	NA	NA	0.808592592592593	0.799888888888889	8353.11081188553	33.6692307692308	0.813310344827586	0.805137931034483	8742.83428719818	33.1733333333333	0.518	0.828	8450	NA	0.844	0.809	8261.2274414471	38	0.7	0.8144	8643.17761368892	34.9	0.7	0.852	11466.4159300003	33	NA	NA	NA	NA	0.843565217391304	0.835652173913043	10455.0832666449	32.9
"Portugal"	0.9	0.802	18819.4437376393	38.8	NA	NA	NA	NA	0.08	0.854	19856.6343300127	34.72	0.868	0.825	19343.2800499088	34.9	0.71	0.8189	19362.535496334	37.07	0.73	0.85	19250.1065376852	35.5	0.075	0.867	21617.411624379	32.8	0.75	0.795703703703704	20577	36.6571428571429	0.865347826086956	0.825695652173913	19377.3412681128	36	NA	NA	NA	NA	0.647	0.802	18819.4437376393	38.8	NA	NA	NA	NA	0.825296296296296	0.795703703703704	18047.0899797948	36.6571428571429	NA	NA	NA	NA	0.629	0.874	16064	NA	0.823	0.805	19110.3208431632	38.9	0.71	0.8075	19282.3236989378	37.5142857142857	0.71	0.836	18654.9575281944	36	NA	NA	NA	NA	0.865347826086956	0.825695652173913	19377.3412681128	36
"Slovakia"	0.847	0.784	10177.7214189548	NA	NA	NA	NA	NA	-0.3	0.8538	16729.824076813	25.2	0.808	0.833	13679.0844080915	27.2	NA	NA	NA	NA	0.68	0.851	16390.8821748507	26.5	0.191	0.862	18240.7209260966	23.2	-0.11	0.781555555555555	2396	26.6076923076923	0.805652173913043	0.82	13538.6972352374	26.08125	NA	NA	NA	NA	0.598	0.784	10177.7214189548	NA	0.80975	0.8545	16839.035775209	25.3285714285714	NA	NA	NA	NA	NA	NA	NA	NA	0.546	0.831	10591	NA	NA	NA	NA	NA	0.68	0.7992	11439.4779554014	26.6833333333333	0.68	0.845	15126.0352987762	26.1	NA	NA	NA	NA	0.805652173913043	0.82	13538.6972352374	26.08125
"Slovenia"	0.901	0.858	17803.3779818988	NA	NA	NA	NA	NA	NA	NA	NA	NA	0.87	0.887	20428.1698595221	24.8	NA	NA	NA	NA	0.78	0.903	20890.1664304173	25.4	0.063	0.921	24125.3920363107	24.4	0.8	0.856363636363636	23439	24.9384615384615	0.88904347826087	0.877869565217391	19936.2567405363	24.7882352941176	NA	NA	NA	NA	0.582	0.858	17803.3779818988	NA	0.934625	0.909875	21988.6366714275	24.9125	NA	NA	NA	NA	NA	NA	NA	NA	0.574	0.874	15977	NA	0.875	0.865	18567.5622059245	24.8	0.69	0.8633	19046.9377590817	24.45	0.71	0.891	20157.0052544663	25.6	NA	NA	NA	NA	0.88904347826087	0.877869565217391	19936.2567405363	24.7882352941176
"Spain"	0.922	0.837	25310.4563874129	31.8	NA	NA	NA	NA	0.42	0.8932	26406.1971986022	35.5	0.888	0.861	25778.9564650653	34.9	0.7	0.858	25963.5483446492	34.05	0.74	0.889	25754.36102944	36.2	0.07	0.908	28087.8979203438	34.3	0.56	0.833962962962963	31832	34.66	0.896	0.863173913043478	25538.2865075586	34.5666666666667	0.812	0.757	18969.8086426392	NA	0.709	0.837	25310.4563874129	31.8	0.931375	0.894125	26159.1623581423	35.3625	0.872925925925926	0.833962962962963	23618.3280200397	34.66	0.877206896551724	0.838448275862069	23885.3128877864	34.68	0.688	0.908	18079	NA	0.877	0.844	25654.3365515924	33.3	0.73	0.8455	25756.6991538081	33.5375	0.73	0.874	24634.9620884239	35.4	NA	NA	NA	NA	0.896	0.863173913043478	25538.2865075586	34.5666666666667
"Antigua and Barbuda"	NA	NA	NA	NA	NA	NA	NA	NA	NA	NA	NA	NA	NA	NA	NA	NA	NA	NA	NA	NA	NA	NA	NA	NA	NA	NA	NA	NA	NA	NA	NA	NA	NA	NA	NA	NA	NA	NA	NA	NA	NA	NA	NA	NA	NA	0.79275	15478.7853819267	NA	NA	NA	NA	NA	NA	NA	NA	NA	NA	NA	NA	NA	NA	NA	NA	NA	NA	NA	NA	NA	NA	NA	NA	NA	NA	NA	NA	NA	NA	NA	NA	NA
"Argentina"	0.854	0.793	9581.96979219468	50.9	NA	NA	NA	NA	-0.03	0.8484	13483.5310387552	41.5	NA	NA	NA	NA	0.51	0.8194	12306.6714599894	45.56	NA	NA	NA	NA	0.328	0.852	12716.2242038544	42.9	0.19	0.792074074074074	6640	46.3678571428571	0.632478260869565	0.819826086956522	12197.5746753143	45.7454545454545	NA	NA	NA	NA	NA	NA	NA	NA	NA	NA	NA	NA	NA	NA	NA	NA	NA	NA	NA	NA	NA	0.842	12277	53.3	0.609	0.798	10341.6434058805	48.4	0.72	0.8024	11107.816693036	48.63	0.72	0.843	13895.6337072986	41.3	NA	NA	NA	NA	0.632478260869565	0.819826086956522	12197.5746753143	45.7454545454545
"Aruba"	NA	NA	NA	NA	NA	NA	NA	NA	NA	NA	NA	NA	NA	NA	NA	NA	NA	NA	NA	NA	NA	NA	NA	NA	NA	NA	NA	NA	NA	NA	NA	NA	NA	NA	NA	NA	NA	NA	NA	NA	NA	NA	NA	NA	NA	NA	NA	NA	NA	NA	NA	NA	NA	NA	NA	NA	NA	NA	NA	NA	NA	NA	NA	NA	NA	NA	NA	NA	NA	NA	NA	NA	NA	NA	NA	NA	NA	NA	28944.4411841528	NA
"Bahamas"	NA	NA	NA	NA	NA	NA	NA	NA	NA	NA	NA	NA	NA	NA	NA	NA	NA	NA	NA	NA	NA	NA	NA	NA	0.341	0.816	29760.3414026944	NA	NA	NA	NA	NA	0.637434782608696	0.81104347826087	30658.261978728	NA	NA	NA	NA	NA	NA	NA	NA	NA	0.65075	0.82025	28856.2593765624	NA	NA	NA	NA	NA	NA	NA	NA	NA	NA	NA	NA	NA	NA	NA	NA	NA	NA	NA	NA	NA	NA	NA	NA	NA	NA	NA	NA	NA	0.637434782608696	0.81104347826087	30658.261978728	NA
"Barbados"	NA	NA	NA	NA	NA	NA	NA	NA	NA	NA	NA	NA	NA	NA	NA	NA	NA	NA	NA	NA	NA	NA	NA	NA	0.252	0.799	17168.1456868491	NA	NA	NA	NA	NA	NA	NA	NA	NA	NA	NA	NA	NA	NA	NA	NA	NA	0.677	0.792625	16791.7879736439	NA	NA	NA	NA	NA	NA	NA	NA	NA	NA	NA	NA	NA	NA	NA	NA	NA	NA	NA	NA	NA	NA	NA	NA	NA	NA	NA	NA	NA	0.658173913043478	0.779478260869565	17007.7375099269	NA
"Belize"	NA	NA	NA	NA	NA	NA	NA	NA	NA	NA	NA	NA	NA	NA	NA	NA	NA	NA	NA	NA	NA	NA	NA	NA	NA	NA	NA	NA	NA	NA	NA	NA	NA	NA	NA	NA	NA	NA	NA	NA	NA	NA	NA	NA	NA	NA	NA	NA	NA	NA	NA	NA	NA	NA	NA	NA	NA	NA	NA	NA	NA	NA	NA	NA	NA	NA	NA	NA	NA	NA	NA	NA	NA	NA	NA	NA	0.540652173913044	0.683565217391304	5893.19483509319	54.1
"Bolivia"	0.679	0.627	2048.55981761044	NA	NA	NA	NA	NA	NA	NA	NA	NA	NA	NA	NA	NA	0.58	0.6485	2325.44314290861	52.175	NA	NA	NA	NA	0.417	0.717	3242.94884532224	41.6	NA	NA	NA	NA	0.506727272727273	0.662260869565217	2502.65663447736	50.675	NA	NA	NA	NA	NA	NA	NA	NA	0.564875	0.69875	3026.05595223505	44.9625	NA	NA	NA	NA	NA	NA	NA	NA	0.425	0.648	2355	57.4	NA	NA	NA	NA	NA	NA	NA	NA	NA	NA	NA	NA	NA	NA	NA	NA	0.506727272727273	0.662260869565217	2502.65663447736	50.675
"Brazil"	0.786	0.688	6865.17246062095	57.6	NA	NA	NA	NA	-0.68	0.757	8683.66397626823	52.88	NA	NA	NA	NA	0.48	0.7097	7982.21339645651	54.9888888888889	0.69	0.753	8783.21441310718	51.9	0.408	0.766	8592.21021838819	53.5	0.5	0.688074074074074	5260	57.0375	0.543217391304348	0.719565217391304	7949.30450532568	54.7380952380952	0.419	0.61	6086.07685266122	63.3	0.49	0.688	6865.17246062095	57.6	NA	NA	NA	NA	NA	NA	NA	NA	0.512655172413793	0.693137931034483	7457.60498133308	56.6586206896552	NA	0.75	7037	58.4	0.529	0.692	7178.34665928002	56.5	0.67	0.6971	7355.2080273252	56.1222222222222	0.69	0.732	9025.31295783324	53.4	0.5562	0.7374	9006.81530373006	52.75	0.543217391304348	0.719565217391304	7949.30450532568	54.7380952380952
"Chile"	0.846	0.779	9227.91233833199	51.5	NA	NA	NA	NA	NA	NA	NA	NA	NA	NA	NA	NA	0.5	0.8036	11097.4052790121	47.95	0.7	0.846	13569.9481274733	44.4	0.247	0.861	13761.3744735648	NA	NA	NA	NA	NA	0.655782608695652	0.810478260869565	11379.6849998076	47.96	NA	NA	NA	NA	0.467	0.779	9227.91233833199	51.5	0.741875	0.849375	13497.4414177975	44.875	NA	NA	NA	NA	0.606758620689655	0.783344827586207	9964.43874131182	51.0142857142857	NA	NA	NA	NA	NA	NA	NA	NA	0.68	0.7888	9997.94264004455	49.65	0.67	0.824	13017.067839762	NA	NA	NA	NA	NA	0.655782608695652	0.810478260869565	11379.6849998076	47.96
"Colombia"	NA	NA	NA	NA	NA	NA	NA	NA	-0.39	0.7574	6245.73922770148	50.86	NA	NA	NA	NA	0.46	0.7095	4898.73192846978	54.1	0.73	0.754	6228.65162186096	51	0.428	0.768	6404.10876575124	51.3	NA	NA	NA	NA	0.546894736842105	0.716652173913043	5155.667202316	53.77	NA	0.61	3695.80580378602	NA	NA	NA	NA	NA	0.580875	0.757125	6173.19450744526	51.4625	NA	NA	NA	NA	NA	NA	NA	NA	NA	NA	NA	NA	NA	NA	NA	NA	0.69	0.6905	4465.58081760961	55.5375	0.69	0.734	5667.49875072853	52.6	0.5554	0.7378	5679.03640283133	53.18	0.546894736842105	0.716652173913043	5155.667202316	53.77
"Costa Rica"	NA	NA	NA	NA	NA	NA	NA	NA	NA	NA	NA	NA	NA	NA	NA	NA	0.48	0.7576	9482.20503523672	48.82	0.73	0.798	11529.9551735671	48.4	0.288	0.819	12662.4228541585	48.2	NA	NA	NA	NA	0.681380952380952	0.764260869565217	9916.02374484769	48.7347826086956	NA	NA	NA	NA	NA	NA	NA	NA	NA	NA	NA	NA	NA	NA	NA	NA	NA	NA	NA	NA	NA	NA	NA	NA	NA	NA	NA	NA	0.71	0.7383	8671.12883179588	49.37	0.72	0.786	10832.7567622937	48.4	NA	NA	NA	NA	0.681380952380952	0.764260869565217	9916.02374484769	48.7347826086956
"Cuba"	NA	NA	NA	NA	NA	NA	NA	NA	NA	NA	NA	NA	NA	NA	NA	NA	NA	NA	NA	NA	NA	NA	NA	NA	0.304	0.788	8042.94852386634	NA	-0.11	0.722444444444444	5386	NA	0.679882352941176	0.752043478260869	6152.14477034671	NA	NA	NA	NA	NA	NA	NA	NA	NA	NA	NA	NA	NA	NA	NA	NA	NA	NA	NA	NA	NA	NA	NA	NA	NA	NA	NA	NA	NA	NA	NA	NA	NA	NA	NA	NA	NA	NA	NA	NA	NA	0.679882352941176	0.752043478260869	6152.14477034671	NA
"Dominica"	NA	NA	NA	NA	NA	NA	NA	NA	NA	NA	NA	NA	NA	NA	NA	NA	NA	NA	NA	NA	NA	NA	NA	NA	NA	NA	NA	NA	NA	NA	NA	NA	NA	NA	NA	NA	NA	NA	NA	NA	NA	NA	NA	NA	NA	0.71025	7604.84938762245	NA	NA	NA	NA	NA	NA	NA	NA	NA	NA	NA	NA	NA	NA	NA	NA	NA	NA	NA	NA	NA	NA	NA	NA	NA	NA	NA	NA	NA	NA	NA	NA	NA
"Dominican Republic"	NA	NA	NA	NA	NA	NA	NA	NA	NA	NA	NA	NA	NA	NA	NA	NA	NA	NA	NA	NA	NA	NA	NA	NA	0.455	0.771	8205.14257811769	41.9	0.57	0.662814814814815	4997	48.7863636363636	0.515217391304348	0.701391304347826	5651.325459141	47.3666666666667	NA	NA	NA	NA	NA	NA	NA	NA	0.536875	0.749625	7222.03762204199	43.7875	NA	NA	NA	NA	NA	NA	NA	NA	NA	NA	NA	NA	NA	NA	NA	NA	NA	NA	NA	NA	NA	NA	NA	NA	NA	NA	NA	NA	0.515217391304348	0.701391304347826	5651.325459141	47.3666666666667
"Ecuador"	NA	NA	NA	NA	NA	NA	NA	NA	NA	NA	NA	NA	NA	NA	NA	NA	NA	NA	NA	NA	NA	NA	NA	NA	0.384	0.76	5863.91056629908	45.7	NA	NA	NA	NA	0.559217391304348	0.728826086956522	5259.74526220066	49.315	NA	NA	NA	NA	NA	NA	NA	NA	NA	NA	NA	NA	NA	NA	NA	NA	NA	NA	NA	NA	NA	NA	NA	NA	NA	NA	NA	NA	NA	NA	NA	NA	NA	NA	NA	NA	0.5826	0.749	5832.85112259117	46.54	0.559217391304348	0.728826086956522	5259.74526220066	49.315
"El Salvador"	NA	NA	NA	NA	NA	NA	NA	NA	NA	NA	NA	NA	NA	NA	NA	NA	NA	NA	NA	NA	NA	NA	NA	NA	0.383	0.683	4105.64616821665	38.8	NA	NA	NA	NA	0.58595652173913	0.650086956521739	3414.93637248825	45.4772727272727	NA	NA	NA	NA	NA	NA	NA	NA	0.629	0.672625	3842.76741285011	40.1428571428571	NA	NA	NA	NA	NA	NA	NA	NA	NA	NA	NA	NA	NA	NA	NA	NA	NA	NA	NA	NA	NA	NA	NA	NA	NA	NA	NA	NA	0.58595652173913	0.650086956521739	3414.93637248825	45.4772727272727
"Grenada"	NA	NA	NA	NA	NA	NA	NA	NA	NA	NA	NA	NA	NA	NA	NA	NA	NA	NA	NA	NA	NA	NA	NA	NA	NA	NA	NA	NA	NA	NA	NA	NA	NA	NA	NA	NA	NA	NA	NA	NA	NA	NA	NA	NA	NA	0.79225	8468.8453664122	NA	NA	NA	NA	NA	NA	NA	NA	NA	NA	NA	NA	NA	NA	NA	NA	NA	NA	NA	NA	NA	NA	NA	NA	NA	NA	NA	NA	NA	NA	NA	NA	NA
"Guatemala"	NA	NA	NA	NA	NA	NA	NA	NA	NA	NA	NA	NA	NA	NA	NA	NA	0.32	0.591	3507.26412457278	54.6	NA	NA	NA	NA	0.479	0.642	4263.70844366435	NA	NA	NA	NA	NA	0.452391304347826	0.597608695652174	3624.02188756433	52.3666666666667	NA	NA	NA	NA	NA	NA	NA	NA	0.486625	0.6365	4047.07078096439	48.3	NA	NA	NA	NA	NA	NA	NA	NA	NA	NA	NA	NA	NA	NA	NA	NA	NA	NA	NA	NA	NA	NA	NA	NA	NA	NA	NA	NA	0.452391304347826	0.597608695652174	3624.02188756433	52.3666666666667
"Guyana"	NA	NA	NA	NA	NA	NA	NA	NA	NA	NA	NA	NA	NA	NA	NA	NA	NA	NA	NA	NA	NA	NA	NA	NA	0.462	0.708	6348.69808969246	NA	NA	NA	NA	NA	NA	NA	NA	NA	NA	NA	NA	NA	NA	NA	NA	NA	0.567666666666667	0.69425	6301.82276972781	NA	NA	NA	NA	NA	NA	NA	NA	NA	NA	NA	NA	NA	NA	NA	NA	NA	NA	NA	NA	NA	NA	NA	NA	NA	NA	NA	NA	NA	0.567666666666667	0.644826086956522	4970.04074731215	45.1
"Haiti"	NA	NA	NA	NA	NA	NA	NA	NA	NA	NA	NA	NA	NA	NA	NA	NA	NA	0.4917	1331.29853803616	41.1	NA	NA	NA	NA	0.636	0.543	1387.51491315309	NA	NA	NA	NA	NA	NA	NA	NA	NA	NA	NA	NA	NA	NA	NA	NA	NA	NA	NA	NA	NA	NA	NA	NA	NA	NA	NA	NA	NA	NA	NA	NA	NA	NA	NA	NA	NA	NA	NA	NA	NA	NA	NA	NA	NA	0.3794	0.5016	1363.84926848298	41.1	0.3785	0.501347826086956	1352.60781547888	41.1
"Honduras"	NA	NA	NA	NA	NA	NA	NA	NA	NA	NA	NA	NA	NA	NA	NA	NA	NA	NA	NA	NA	NA	NA	NA	NA	0.423	0.632	2446.10809655856	48.2	NA	NA	NA	NA	0.523304347826087	0.58895652173913	2067.68235377153	53.5333333333333	NA	NA	NA	NA	NA	NA	NA	NA	0.572875	0.615875	2299.56597645823	49.3428571428571	NA	NA	NA	NA	NA	NA	NA	NA	NA	NA	NA	NA	NA	NA	NA	NA	NA	NA	NA	NA	NA	NA	NA	NA	NA	NA	NA	NA	0.523304347826087	0.58895652173913	2067.68235377153	53.5333333333333
"Jamaica"	NA	NA	NA	NA	NA	NA	NA	NA	NA	NA	NA	NA	NA	NA	NA	NA	NA	NA	NA	NA	NA	NA	NA	NA	0.396	0.719	5307.51104103109	NA	NA	NA	NA	NA	0.578434782608696	0.696869565217391	5117.03432018739	45.9666666666667	NA	NA	NA	NA	NA	NA	NA	NA	NA	NA	NA	NA	NA	NA	NA	NA	NA	NA	NA	NA	NA	NA	NA	NA	NA	NA	NA	NA	NA	NA	NA	NA	NA	NA	NA	NA	NA	NA	NA	NA	0.578434782608696	0.696869565217391	5117.03432018739	45.9666666666667
"Mexico"	0.804	0.725	8641.73975883169	NA	0.650466666666667	0.745333333333333	9107.22088543751	48.6666666666667	-0.54	0.7712	9864.39007707983	47.7	NA	NA	NA	NA	0.42	0.742	9046.18474451956	49.1333333333333	0.7	0.768	9753.40056232226	NA	0.322	0.779	10013.7242540995	NA	-0.39	0.718555555555556	9730	50.3466666666667	0.587521739130435	0.743869565217391	9216.4492516634	49.0538461538462	NA	NA	NA	NA	0.516	0.725	8641.73975883169	NA	0.628	0.768875	9735.92043040272	47.125	NA	NA	NA	NA	NA	NA	NA	NA	0.507	0.79	8297	NA	0.567	0.73	8849.52924875646	50	0.64	0.7302	8924.21292295186	50.2666666666667	0.67	0.76	9401.99768371815	48.7	NA	NA	NA	NA	0.587521739130435	0.743869565217391	9216.4492516634	49.0538461538462
"Miranda_Venezuela"	NA	NA	NA	NA	NA	NA	NA	NA	NA	NA	NA	NA	NA	NA	NA	NA	NA	NA	NA	NA	NA	NA	NA	NA	NA	NA	NA	NA	NA	NA	NA	NA	NA	NA	NA	NA	NA	NA	NA	NA	NA	NA	NA	NA	NA	NA	NA	NA	NA	NA	NA	NA	NA	NA	NA	NA	NA	NA	NA	NA	NA	NA	NA	NA	0.69	NA	NA	NA	NA	NA	NA	NA	NA	NA	NA	NA	NA	NA	NA	NA
"Netherlands Antilles"	NA	NA	NA	NA	NA	NA	NA	NA	NA	NA	NA	NA	NA	NA	NA	NA	NA	NA	NA	NA	NA	NA	NA	NA	NA	NA	NA	NA	NA	NA	NA	NA	NA	NA	NA	NA	NA	NA	NA	NA	NA	NA	NA	NA	NA	NA	NA	NA	NA	NA	NA	NA	NA	NA	NA	NA	NA	NA	NA	NA	NA	NA	NA	NA	NA	NA	NA	NA	NA	NA	NA	NA	NA	NA	NA	NA	NA	NA	NA	NA
"Nicaragua"	NA	NA	NA	NA	NA	NA	NA	NA	NA	NA	NA	NA	NA	NA	NA	NA	0.49	0.6016	1641.72252598938	46.35	NA	NA	NA	NA	0.428	0.664	1965.2779064393	NA	NA	NA	NA	NA	0.518478260869565	0.610652173913044	1717.67181418867	49.24	NA	NA	NA	NA	NA	NA	NA	NA	NA	NA	NA	NA	NA	NA	NA	NA	NA	NA	NA	NA	NA	NA	NA	NA	NA	NA	NA	NA	NA	NA	NA	NA	NA	NA	NA	NA	NA	NA	NA	NA	0.518478260869565	0.610652173913044	1717.67181418867	49.24
"Panama"	NA	NA	NA	NA	NA	NA	NA	NA	NA	NA	NA	NA	NA	NA	NA	NA	NA	NA	NA	NA	NA	NA	NA	NA	0.407	0.817	15166.880907114	49.8	NA	NA	NA	NA	0.546913043478261	0.767652173913043	10391.1132851082	53.0090909090909	NA	NA	NA	NA	NA	NA	NA	NA	0.583625	0.804	13837.1803129882	50.3	NA	NA	NA	NA	NA	NA	NA	NA	NA	NA	NA	NA	NA	NA	NA	NA	0.71	0.7462	8081.76809502725	54.55	NA	NA	NA	NA	NA	NA	NA	NA	0.546913043478261	0.767652173913043	10391.1132851082	53.0090909090909
"Papua New Guinea"	NA	NA	NA	NA	NA	NA	NA	NA	NA	NA	NA	NA	NA	NA	NA	NA	NA	NA	NA	NA	NA	NA	NA	NA	0.725	0.56	2590.49423611278	NA	NA	NA	NA	NA	NA	NA	NA	NA	NA	NA	NA	NA	NA	NA	NA	NA	NA	NA	NA	NA	NA	NA	NA	NA	NA	NA	NA	NA	NA	NA	NA	NA	NA	NA	NA	NA	NA	NA	NA	NA	NA	NA	NA	NA	NA	NA	NA	NA	NA	NA	NA	NA
"Paraguay"	NA	NA	NA	NA	NA	NA	NA	NA	NA	NA	NA	NA	NA	NA	NA	NA	NA	NA	NA	NA	NA	NA	NA	NA	0.446	0.732	6229.21196026985	45.7	NA	NA	NA	NA	0.509565217391304	0.68695652173913	4997.50588160988	50.4571428571429	NA	NA	NA	NA	NA	NA	NA	NA	NA	NA	NA	NA	NA	NA	NA	NA	NA	NA	NA	NA	NA	NA	NA	NA	NA	NA	NA	NA	NA	NA	NA	NA	NA	NA	NA	NA	NA	NA	NA	NA	0.509565217391304	0.68695652173913	4997.50588160988	50.4571428571429
"Peru"	0.745	0.684	3497.35764900126	53.1	NA	NA	NA	NA	NA	NA	NA	NA	NA	NA	NA	NA	0.46	0.7069	4525.31945527621	48.29	0.68	0.759	6180.11879937394	43.4	0.395	0.78	6550.44751849538	41.6	-0.08	0.687888888888889	4245	48.705	0.573695652173913	0.720347826086957	4845.98652236685	47.4739130434783	NA	NA	NA	NA	NA	NA	NA	NA	NA	NA	NA	NA	NA	NA	NA	NA	0.532413793103448	0.693758620689655	4224.54448904563	48.1727272727273	0.516	0.743	4622	51.3	NA	NA	NA	NA	0.7	0.6915	3891.61825571354	50.23	0.67	0.742	5701.60388819626	44.4	NA	NA	NA	NA	0.573695652173913	0.720347826086957	4845.98652236685	47.4739130434783
"Puerto Rico"	NA	NA	NA	NA	NA	NA	NA	NA	NA	NA	NA	NA	NA	NA	NA	NA	NA	NA	NA	NA	NA	NA	29763.4883013861	NA	NA	NA	NA	NA	NA	NA	NA	NA	NA	NA	28653.0828798853	NA	NA	NA	NA	NA	NA	NA	NA	NA	NA	NA	NA	NA	NA	NA	NA	NA	NA	NA	NA	NA	NA	NA	NA	NA	NA	NA	NA	NA	NA	NA	NA	NA	NA	NA	NA	NA	NA	NA	NA	NA	NA	NA	28653.0828798853	NA
"Saint Kitts and Nevis"	NA	NA	NA	NA	NA	NA	NA	NA	NA	NA	NA	NA	NA	NA	NA	NA	NA	NA	NA	NA	NA	NA	NA	NA	NA	NA	NA	NA	NA	NA	NA	NA	NA	NA	NA	NA	NA	NA	NA	NA	NA	NA	NA	NA	NA	0.7765	20296.5670739027	NA	NA	NA	NA	NA	NA	NA	NA	NA	NA	NA	NA	NA	NA	NA	NA	NA	NA	NA	NA	NA	NA	NA	NA	NA	NA	NA	NA	NA	NA	NA	NA	NA
"Saint Lucia"	NA	NA	NA	NA	NA	NA	NA	NA	NA	NA	NA	NA	NA	NA	NA	NA	NA	NA	NA	NA	NA	NA	NA	NA	0.401	0.735	11060.6888935619	NA	NA	NA	NA	NA	NA	NA	NA	NA	NA	NA	NA	NA	NA	NA	NA	NA	0.642	0.73725	10366.9509598103	51.2	NA	NA	NA	NA	NA	NA	NA	NA	NA	NA	NA	NA	NA	NA	NA	NA	NA	NA	NA	NA	NA	NA	NA	NA	NA	NA	NA	NA	0.617826086956522	0.720913043478261	9939.86829845529	51.2
"Suriname"	NA	NA	NA	NA	NA	NA	NA	NA	NA	NA	NA	NA	NA	NA	NA	NA	0.37	0.706333333333333	8002.08178963104	NA	NA	NA	NA	NA	0.436	0.755	8756.15515409007	NA	NA	NA	NA	NA	0.531294117647059	0.724764705882353	7836.65152321198	57.9	NA	NA	NA	NA	NA	NA	NA	NA	NA	NA	NA	NA	NA	NA	NA	NA	NA	NA	NA	NA	NA	NA	NA	NA	NA	NA	NA	NA	NA	NA	NA	NA	NA	NA	NA	NA	NA	NA	NA	NA	0.531294117647059	0.724764705882353	7836.65152321198	57.9
"Trinidad and Tobago"	NA	NA	NA	NA	NA	NA	NA	NA	NA	NA	NA	NA	NA	NA	NA	NA	NA	NA	NA	NA	0.72	0.816	18389.5310289802	NA	0.323	0.821	15576.4345951869	NA	NA	NA	NA	NA	0.669304347826087	0.774782608695652	14852.4578995466	NA	NA	NA	NA	NA	NA	NA	NA	NA	NA	NA	NA	NA	NA	NA	NA	NA	NA	NA	NA	NA	NA	NA	NA	NA	NA	NA	NA	NA	0.72	0.7516	13836.6466617708	NA	NA	NA	NA	NA	NA	NA	NA	NA	0.669304347826087	0.774782608695652	14852.4578995466	NA
"Uruguay"	NA	NA	NA	NA	NA	NA	NA	NA	NA	NA	NA	NA	NA	NA	NA	NA	NA	NA	NA	NA	0.68	0.811	16950.7533762432	40.1	0.288	0.821	17563.2081528684	39.7	NA	NA	NA	NA	0.667608695652174	0.785521739130435	13802.6124583801	41.9333333333333	NA	NA	NA	NA	0.516	0.77	9792.1634533124	NA	0.714375	0.814875	17055.0988688192	39.9375	NA	NA	NA	NA	NA	NA	NA	NA	NA	NA	NA	NA	NA	NA	NA	NA	0.69	0.7678	11260.9676407436	45.725	0.67	0.798	15780.2646320776	39.9	NA	NA	NA	NA	0.667608695652174	0.785521739130435	13802.6124583801	41.9333333333333
"Venezuela"	NA	NA	NA	NA	NA	NA	NA	NA	NA	NA	NA	NA	NA	NA	NA	NA	0.41	0.7398	NA	47.475	NA	NA	NA	NA	0.479	0.721	NA	NA	0.49	0.714925925925926	11225	48.0076923076923	0.499869565217391	0.730608695652174	NA	47.75	0.43	0.659	NA	43.8	NA	NA	NA	NA	NA	NA	NA	NA	NA	NA	NA	NA	NA	NA	NA	NA	NA	NA	NA	NA	NA	NA	NA	NA	NA	NA	NA	NA	NA	NA	NA	NA	NA	NA	NA	NA	0.499869565217391	0.730608695652174	NA	47.75
"Armenia"	NA	NA	NA	NA	NA	NA	NA	NA	NA	NA	NA	NA	NA	NA	NA	NA	NA	NA	NA	NA	NA	NA	NA	NA	0.245	0.778	4561.96780299386	30	NA	NA	NA	NA	0.650173913043478	0.727130434782609	2821.36758158827	31.9095238095238	NA	NA	NA	NA	NA	0.686	1815.78822609055	33	0.73075	0.766125	3914.56253729761	31.2625	NA	NA	NA	NA	NA	NA	NA	NA	NA	NA	NA	NA	NA	NA	NA	NA	NA	NA	NA	NA	NA	NA	NA	NA	NA	NA	NA	NA	0.650173913043478	0.727130434782609	2821.36758158827	31.9095238095238
"Belarus"	NA	NA	NA	NA	NA	NA	NA	NA	NA	NA	NA	NA	NA	NA	NA	NA	NA	NA	NA	NA	NA	NA	NA	NA	0.118	0.817	6267.76579524677	25.3	NA	NA	NA	NA	NA	NA	NA	NA	NA	NA	NA	NA	NA	NA	NA	NA	NA	NA	NA	NA	NA	NA	NA	NA	NA	NA	NA	NA	NA	NA	NA	NA	NA	NA	NA	NA	NA	NA	NA	NA	NA	NA	NA	NA	NA	NA	NA	NA	0.851	0.772565217391304	4755.7532008283	27.8
"Bosnia Herzegovina"	NA	NA	NA	NA	NA	NA	NA	NA	NA	NA	NA	NA	NA	NA	NA	NA	NA	0.7111	3623.99499236065	33.3666666666667	NA	NA	NA	NA	0.149	0.783	5558.08255264153	NA	NA	NA	NA	NA	0.7827	0.727380952380952	3833.76956345969	32.525	NA	NA	NA	NA	NA	NA	NA	NA	0.840125	0.76875	4957.61383172889	NA	NA	NA	NA	NA	NA	NA	NA	NA	NA	NA	NA	NA	NA	NA	NA	NA	NA	NA	NA	NA	NA	NA	NA	NA	NA	NA	NA	NA	0.7827	0.727380952380952	3833.76956345969	32.525
"Bulgaria"	NA	NA	NA	NA	NA	NA	NA	NA	-0.08	0.8084	7340.90388047091	39.66	0.753	0.785	6294.38530835146	33.8	NA	NA	NA	NA	0.72	0.809	7081.10233572915	38.6	0.206	0.81	8242.31399635503	40.3	0.95	0.747148148148148	4456	36.2181818181818	0.75895652173913	0.776130434782609	5987.88469777177	37.3933333333333	0.638	0.684	4431.02887629317	NA	0.606	0.749	4522.97979562095	NA	0.787625	0.807375	7451.25619938685	39.4625	NA	NA	NA	NA	NA	NA	NA	NA	NA	NA	NA	NA	0.761	0.756	4853.94456910486	NA	0.71	0.7574	5098.33634239553	34.8	0.7	0.798	6699.68780097262	36	NA	NA	NA	NA	0.75895652173913	0.776130434782609	5987.88469777177	37.3933333333333
"Croatia"	0.837	0.783	10620.0810672777	NA	NA	NA	NA	NA	-0.15	0.848	12635.5607045822	30.84	0.858	0.816	12026.2051374857	32.6	0.6	0.8117	11848.8226302228	32.45	0.71	0.843	12071.090955025	31.1	0.116	0.861	14211.7554309381	28.9	NA	NA	NA	NA	0.844434782608696	0.813347826086957	11572.4154324846	31.2	NA	NA	NA	NA	NA	NA	NA	NA	0.87475	0.84925	12764.8080409314	30.575	NA	NA	NA	NA	NA	NA	NA	NA	0.527	0.803	7387	NA	NA	NA	NA	NA	0.7	0.7945	11140.0504121416	32.6	0.71	0.83	11694.1987897069	32.5	NA	NA	NA	NA	0.844434782608696	0.813347826086957	11572.4154324846	31.2
"Cyprus"	0.884	0.825	23930.66015625	NA	NA	NA	NA	NA	NA	NA	NA	NA	0.869	0.862	26183.451171875	32.1	NA	NA	NA	NA	NA	NA	NA	NA	0.086	0.897	28360.03125	31.2	NA	NA	NA	NA	0.773217391304348	0.848869565217391	24809.5694633152	32.4294117647059	NA	NA	NA	NA	0.542	0.825	23930.66015625	NA	NA	NA	NA	NA	NA	NA	NA	NA	NA	NA	NA	NA	NA	NA	NA	NA	NA	NA	NA	NA	NA	NA	NA	NA	NA	NA	NA	NA	NA	NA	NA	NA	0.773217391304348	0.848869565217391	24809.5694633152	32.4294117647059
"Georgia"	NA	NA	NA	NA	NA	NA	NA	NA	NA	NA	NA	NA	NA	NA	NA	NA	0.57	0.7484	2782.25783096085	38.01	0.69	0.79	4014.11224099111	36.5	0.331	0.81	4773.33566552898	35.9	NA	NA	NA	NA	NA	NA	NA	NA	NA	NA	NA	NA	NA	NA	NA	NA	NA	NA	NA	NA	NA	NA	NA	NA	NA	NA	NA	NA	NA	NA	NA	NA	NA	NA	NA	NA	0.67	0.7308	2277.64506087902	37.93	NA	NA	NA	NA	0.6064	0.7718	3539.17479674907	38.86	0.621285714285714	0.760333333333333	3028.15789325175	37.9478260869565
"Greece"	0.907	0.835	21104.832913793	32.8	NA	NA	NA	NA	-0.11	0.8804	18221.3760999325	34.82	0.843	0.866	22839.3475325728	33.6	0.51	0.8583	21870.3442704541	34.25	0.69	0.88	18083.8779056547	36	0.116	0.889	19018.9021220823	33.1	-0.26	0.827333333333333	28827	34.7875	0.835913043478261	0.856130434782609	19890.3169044362	34.4	0.701	0.759	15525.8414521802	NA	0.519	0.835	21104.832913793	32.8	0.876875	0.881	18158.2062847134	34.6125	0.797148148148148	0.827333333333333	18952.6521518182	34.7875	NA	NA	NA	NA	0.502	0.881	15414	NA	0.824	0.843	22118.1557970506	33.6	0.67	0.8443	21757.0351238108	33.9375	0.67	0.866	18123.6710971914	36.3	NA	NA	NA	NA	0.835913043478261	0.856130434782609	19890.3169044362	34.4
"Kosovo"	NA	NA	NA	NA	NA	NA	NA	NA	NA	NA	NA	NA	0.805	NA	2731.3940034647	31.8	NA	NA	NA	NA	NA	NA	NA	NA	NA	NA	NA	NA	NA	NA	NA	NA	NA	NA	NA	NA	NA	NA	NA	NA	NA	NA	NA	NA	NA	NA	NA	NA	NA	NA	NA	NA	NA	NA	NA	NA	NA	NA	NA	NA	NA	NA	NA	NA	NA	NA	NA	NA	NA	NA	NA	NA	NA	NA	NA	NA	NA	NA	NA	NA
"Macedonia"	NA	NA	NA	NA	NA	NA	NA	NA	NA	NA	NA	NA	NA	NA	NA	NA	NA	NA	NA	NA	0.7	0.762	4861.55615984223	35.6	0.143	0.784	5386.2027499932	33.5	NA	NA	NA	NA	NA	NA	NA	NA	NA	NA	NA	NA	NA	0.688	3301.31361922323	NA	NA	NA	NA	NA	NA	NA	NA	NA	NA	NA	NA	NA	NA	NA	NA	NA	NA	NA	NA	NA	0.69	0.6999	3627.69035093441	42.8	NA	NA	NA	NA	NA	NA	NA	NA	0.798391304347826	0.725869565217391	4148.1720307945	36.6090909090909
"Moldova"	NA	NA	NA	NA	NA	NA	NA	NA	NA	NA	NA	NA	NA	NA	NA	NA	0.55	0.7124	2088.51517224788	33.55	0.74	0.749	2749.91303825395	27	0.204	0.774	3439.12963997156	26	NA	NA	NA	NA	NA	NA	NA	NA	NA	NA	NA	NA	0.468	0.674	1654.58390396924	34.9	NA	NA	NA	NA	NA	NA	NA	NA	NA	NA	NA	NA	NA	NA	NA	NA	NA	NA	NA	NA	0.72	0.6873	1815.00164882568	35.38	NA	NA	NA	NA	NA	NA	NA	NA	0.74247619047619	0.713608695652174	2255.55176452941	32.4545454545454
"Montenegro"	NA	NA	NA	NA	NA	NA	NA	NA	NA	NA	NA	NA	NA	NA	NA	NA	NA	NA	NA	NA	0.69	0.822	6517.18961381857	39	0.109	0.837	7684.18036247051	NA	NA	NA	NA	NA	NA	NA	NA	NA	NA	NA	NA	NA	NA	NA	NA	NA	0.862875	0.826125	6792.43813179225	38.1666666666667	NA	NA	NA	NA	NA	NA	NA	NA	NA	NA	NA	NA	NA	NA	NA	NA	NA	0.778571428571428	5115.1901460504	NA	0.69	0.812	5995.77163480183	41.2	NA	NA	NA	NA	NA	NA	NA	NA
"Romania"	0.789	0.732	5407.85596292838	NA	0.681033333333333	0.797666666666667	7715.02391903405	36.75	-0.34	0.818	9561.82852246612	35.62	0.631	0.809	7921.22067865686	35.6	0.56	0.7821	7226.34434547612	36.7142857142857	0.69	0.813	8976.95523628605	35.9	0.276	0.832	11252.8865517098	34.8	0.14	0.746481481481481	5829	36.3818181818182	0.663173913043478	0.780478260869565	7570.06506654902	36.0933333333333	NA	NA	NA	NA	0.46	0.732	5407.85596292838	NA	NA	NA	NA	NA	NA	NA	NA	NA	NA	NA	NA	NA	0.449	0.772	6041	NA	0.625	0.742	6005.91687643738	NA	0.68	0.7567	6301.51952120951	37.275	0.69	0.805	8234.305286922	36.5	NA	NA	NA	NA	0.663173913043478	0.780478260869565	7570.06506654902	36.0933333333333
"Russia"	NA	NA	NA	NA	NA	NA	NA	NA	-0.42	0.8288	9472.208203125	37.82	0.682	0.789	8381.8681640625	39.8	0.635	0.7835	8197.1673828125	40.62	0.69	0.824	9313.021484375	37.7	0.225	0.845	9958.4697265625	37.7	0.66	0.760074074074074	10675	39.335	0.715652173913043	0.788217391304348	8035.42476222826	38.9869565217391	NA	NA	NA	NA	0.44	0.754	6370.45361328125	40	0.804875	0.8295	9581.92651367187	37.9625	NA	NA	NA	NA	NA	NA	NA	NA	NA	NA	NA	NA	NA	NA	NA	NA	0.7	0.7638	7146.91826171875	39.76	0.7	0.811	9475.6904296875	40.7	NA	NA	NA	NA	0.715652173913043	0.788217391304348	8035.42476222826	38.9869565217391
"Serbia"	NA	0.711	3808.09410250362	NA	NA	NA	NA	NA	-0.32	0.7984	5815.73185698896	38.2	NA	NA	NA	NA	0.595	0.7523	4831.28592283654	39.9	NA	NA	NA	NA	0.132	0.811	6567.90805482597	34.5	NA	NA	NA	NA	0.825866666666667	0.755260869565217	4895.09697787155	37.7666666666667	NA	NA	NA	NA	NA	0.711	3808.09410250362	NA	0.85825	0.799	5965.4524494777	37.5	NA	NA	NA	NA	NA	NA	NA	NA	NA	NA	NA	NA	NA	NA	NA	NA	NA	0.7291	4266.13167834662	NA	0.7	0.78	5343.57882527263	39.9	NA	NA	NA	NA	0.825866666666667	0.755260869565217	4895.09697787155	37.7666666666667
"Ukraine"	NA	NA	NA	NA	NA	NA	NA	NA	NA	NA	NA	NA	0.664	0.758	2215.27221679688	25.3	0.64	0.7548	2293.19754638672	26.94	NA	NA	NA	NA	0.234	0.786	2425.63500976563	26.6	NA	NA	NA	NA	0.708434782608696	0.752347826086956	2117.4672320822	26.4105263157895	NA	NA	NA	NA	NA	NA	NA	NA	NA	NA	NA	NA	NA	NA	NA	NA	NA	NA	NA	NA	0.428	0.742	3458	NA	NA	NA	NA	NA	NA	NA	NA	NA	NA	NA	NA	NA	NA	NA	NA	NA	0.708434782608696	0.752347826086956	2117.4672320822	26.4105263157895
"Yugoslavia"	NA	NA	NA	NA	NA	NA	NA	NA	NA	NA	NA	NA	NA	NA	NA	NA	NA	NA	NA	NA	NA	NA	NA	NA	NA	NA	NA	NA	NA	NA	NA	NA	NA	NA	NA	NA	NA	NA	NA	NA	NA	NA	NA	NA	NA	NA	NA	NA	NA	NA	NA	NA	NA	NA	NA	NA	NA	NA	NA	NA	NA	NA	NA	NA	NA	NA	NA	NA	NA	NA	NA	NA	NA	NA	NA	NA	NA	NA	NA	NA
"Afghanistan"	NA	NA	NA	NA	NA	NA	NA	NA	NA	NA	NA	NA	NA	NA	NA	NA	NA	0.4241	457.713499076533	NA	NA	NA	NA	NA	0.655	0.488	584.386515325947	NA	NA	NA	NA	NA	NA	NA	NA	NA	NA	NA	NA	NA	NA	NA	NA	NA	NA	NA	NA	NA	NA	NA	NA	NA	NA	NA	NA	NA	NA	NA	NA	NA	NA	NA	NA	NA	NA	NA	NA	NA	NA	NA	NA	NA	NA	NA	NA	NA	0.304769230769231	0.425173913043478	507.160307533429	NA
"Albania"	NA	NA	NA	NA	NA	NA	NA	NA	NA	NA	NA	NA	0.758	0.741	3432.17088105477	NA	NA	NA	NA	NA	0.7	0.795	3952.80358410846	32.8	0.181	0.81	4543.38772250631	30.1	NA	NA	NA	NA	0.786227272727273	0.742956521739131	3230.32642258033	31.3727272727273	NA	NA	NA	NA	NA	NA	NA	NA	0.8425	0.79775	4165.38256943687	31.9714285714286	NA	NA	NA	NA	NA	NA	NA	NA	NA	NA	NA	NA	NA	NA	NA	NA	0.66	0.7082	2655.74242383808	30.7666666666667	0.67	0.778	3736.34008946398	29	NA	NA	NA	NA	0.786227272727273	0.742956521739131	3230.32642258033	31.3727272727273
"Algeria"	NA	NA	NA	NA	NA	NA	NA	NA	NA	NA	NA	NA	NA	NA	NA	NA	0.14	0.7016	3819.95000177334	27.6	0.63	0.74	4197.41997101868	NA	0.429	0.748	4153.00344111131	NA	NA	NA	NA	NA	NA	NA	NA	NA	NA	NA	NA	NA	NA	NA	NA	NA	NA	NA	NA	NA	NA	NA	NA	NA	NA	NA	NA	NA	NA	NA	NA	NA	NA	NA	NA	NA	NA	NA	NA	NA	NA	NA	NA	NA	0.5422	0.7286	4022.84182159708	27.6	0.496826086956522	0.703478260869565	3782.17745323318	27.6
"Azerbaijan"	NA	NA	NA	NA	NA	NA	NA	NA	NA	NA	NA	NA	NA	NA	NA	NA	NA	NA	NA	NA	NA	NA	NA	NA	0.323	0.761	5348.45413572489	NA	NA	NA	NA	NA	NA	NA	NA	NA	NA	NA	NA	NA	NA	NA	NA	NA	0.6705	0.748125	5328.45237955529	NA	NA	NA	NA	NA	NA	NA	NA	NA	NA	NA	NA	NA	NA	NA	NA	NA	0.69	0.6714	2902.3468490336	28.36	NA	NA	NA	NA	NA	NA	NA	NA	NA	NA	NA	NA
"Bahrain"	NA	NA	NA	NA	NA	NA	NA	NA	NA	NA	NA	NA	NA	NA	NA	NA	NA	NA	NA	NA	NA	NA	NA	NA	0.212	0.882	23414.2190743533	NA	NA	NA	NA	NA	NA	NA	NA	NA	NA	NA	NA	NA	NA	0.806	22348.9048094348	NA	NA	NA	NA	NA	NA	NA	NA	NA	NA	NA	NA	NA	NA	NA	NA	NA	NA	NA	NA	NA	NA	NA	NA	NA	NA	NA	NA	NA	NA	NA	NA	NA	0.739888888888889	0.823304347826087	22198.0463247591	NA
"Chad"	NA	NA	NA	NA	NA	NA	NA	NA	NA	NA	NA	NA	NA	NA	NA	NA	NA	NA	NA	NA	NA	NA	NA	NA	0.71	0.403	652.703215990686	NA	NA	NA	NA	NA	NA	NA	NA	NA	NA	NA	NA	NA	NA	NA	NA	NA	NA	NA	NA	NA	NA	NA	NA	NA	NA	NA	NA	NA	NA	NA	NA	NA	NA	NA	NA	NA	NA	NA	NA	NA	NA	NA	NA	NA	NA	NA	NA	NA	NA	NA	NA	NA
"Egypt"	NA	NA	NA	NA	NA	NA	NA	NA	NA	NA	NA	NA	NA	NA	NA	NA	0.09	0.6595	2995.70754591984	30.35	NA	NA	NA	NA	0.449	0.735	3769.03576994499	31.9	NA	NA	NA	NA	0.460695652173913	0.673391304347826	3064.76217321544	31.175	NA	NA	NA	NA	0.253	0.637	2587.6305080738	NA	NA	NA	NA	NA	NA	NA	NA	NA	NA	NA	NA	NA	NA	NA	NA	NA	NA	NA	NA	NA	NA	NA	NA	NA	NA	NA	NA	NA	0.4516	0.687	3294.07691865305	29.25	0.460695652173913	0.673391304347826	3064.76217321544	31.175
"Iran"	NA	NA	NA	NA	NA	NA	NA	NA	NA	NA	NA	NA	NA	NA	NA	NA	0.04	0.7333	5046.01824041409	43.5	NA	NA	NA	NA	0.459	0.783	5017.11721513553	40.9	NA	NA	NA	NA	0.474173913043478	0.73904347826087	4843.59748156883	41.2727272727273	0.313	0.601	3363.51012017323	NA	NA	0.704	4554.59387298311	NA	NA	NA	NA	NA	NA	NA	NA	NA	0.437206896551724	0.707724137931035	4486.60329183006	42.0846153846154	NA	NA	NA	NA	NA	NA	NA	NA	NA	NA	NA	NA	NA	NA	NA	NA	NA	NA	NA	NA	0.474173913043478	0.73904347826087	4843.59748156883	41.2727272727273
"Iraq"	NA	NA	NA	NA	NA	NA	NA	NA	NA	NA	NA	NA	NA	NA	NA	NA	NA	0.6203	3550.26116683839	29.05	NA	NA	NA	NA	0.577	0.696	4854.38649485853	NA	NA	NA	NA	NA	NA	NA	NA	NA	NA	NA	NA	NA	NA	NA	NA	NA	NA	NA	NA	NA	NA	NA	NA	NA	NA	NA	NA	NA	NA	NA	NA	NA	NA	NA	NA	NA	NA	NA	NA	NA	NA	NA	NA	NA	0.406	0.6572	4206.35619653836	29.5	0.379434782608696	0.634	3947.54672595233	29.05
"Jordan"	0.74	0.698	3951.04104562456	NA	NA	NA	NA	NA	NA	NA	NA	NA	NA	NA	NA	NA	0.03	0.7206	4577.05406920113	33.4	0.59	0.718	4064.25301043642	NA	0.45	0.727	3909.25004324205	NA	NA	NA	NA	NA	0.491952380952381	0.711434782608696	4207.03853207961	34.3	NA	NA	NA	NA	NA	0.698	3951.04104562456	NA	NA	NA	NA	NA	NA	NA	NA	NA	NA	NA	NA	NA	NA	NA	NA	NA	NA	NA	NA	NA	0.63	0.7094	4237.38500251518	34.5	0.61	0.721	4920.86517893078	NA	0.5136	0.721	4747.9910782398	33.7	0.491952380952381	0.711434782608696	4207.03853207961	34.3
"Kazakhstan"	NA	NA	NA	NA	NA	NA	NA	NA	NA	NA	NA	NA	NA	NA	NA	NA	0.68	0.7541	8141.04069177932	30.65	NA	NA	NA	NA	0.19	0.819	11402.7583992887	NA	NA	NA	NA	NA	NA	NA	NA	NA	NA	NA	NA	NA	NA	NA	NA	NA	NA	NA	NA	NA	NA	NA	NA	NA	NA	NA	NA	NA	NA	NA	NA	NA	NA	NA	NA	NA	0.7	0.7297	6815.29207067761	32.5666666666667	0.72	0.783	9823.69242045767	28.2	NA	NA	NA	NA	0.72847619047619	0.757304347826087	8277.10463466293	30.0388888888889
"Kuwait"	NA	NA	NA	NA	NA	NA	NA	NA	NA	NA	NA	NA	NA	NA	NA	NA	NA	NA	NA	NA	NA	NA	NA	NA	0.242	0.839	25777.5666177048	NA	NA	NA	NA	NA	0.608608695652174	0.81	32642.5929228964	NA	NA	NA	NA	NA	NA	NA	NA	NA	NA	NA	NA	NA	NA	NA	NA	NA	NA	NA	NA	NA	NA	NA	NA	NA	NA	NA	NA	NA	NA	NA	NA	NA	NA	NA	NA	NA	0.7768	0.8202	32074.0910697275	NA	0.608608695652174	0.81	32642.5929228964	NA
"Kyrgyzstan"	NA	NA	NA	NA	NA	NA	NA	NA	NA	NA	NA	NA	NA	NA	NA	NA	NA	NA	NA	NA	NA	NA	NA	NA	0.369	0.698	1226.82430631544	29.7	NA	NA	NA	NA	NA	NA	NA	NA	NA	NA	NA	NA	NA	NA	NA	NA	NA	NA	NA	NA	NA	NA	NA	NA	NA	NA	NA	NA	NA	NA	NA	NA	NA	NA	NA	NA	NA	0.6438	833.470371960615	32.03	NA	NA	NA	NA	NA	NA	NA	NA	NA	NA	NA	NA
"Lebanon"	0.745	NA	6348.80648470535	NA	NA	NA	NA	NA	-1.51	0.7478	8127.1837970297	NA	NA	NA	NA	NA	NA	NA	NA	NA	0.6	0.746	7802.75136773923	NA	0.411	0.745	8081.74334372685	NA	NA	NA	NA	NA	0.572785714285714	0.751375	7442.97813062501	31.8	NA	NA	NA	NA	NA	NA	6348.80648470535	NA	NA	NA	NA	NA	NA	NA	NA	NA	NA	NA	NA	NA	NA	0.758	4705	NA	NA	NA	NA	NA	NA	NA	NA	NA	NA	NA	NA	NA	0.5588	0.7624	8708.78041501714	31.8	0.572785714285714	0.751375	7442.97813062501	31.8
"Libya"	NA	NA	NA	NA	NA	NA	NA	NA	NA	NA	NA	NA	NA	NA	NA	NA	NA	NA	NA	NA	NA	NA	NA	NA	0.252	0.722	9278.27171013324	NA	NA	NA	NA	NA	NA	NA	NA	NA	NA	NA	NA	NA	NA	NA	NA	NA	NA	NA	NA	NA	NA	NA	NA	NA	NA	NA	NA	NA	NA	NA	NA	NA	NA	NA	NA	NA	NA	NA	NA	NA	NA	NA	NA	NA	0.7252	0.714	10329.4611990236	NA	NA	NA	NA	NA
"Mauritania"	NA	NA	NA	NA	NA	NA	NA	NA	NA	NA	NA	NA	NA	NA	NA	NA	NA	NA	NA	NA	NA	NA	NA	NA	0.634	0.563	1670.02883946475	NA	NA	NA	NA	NA	NA	NA	NA	NA	NA	NA	NA	NA	NA	NA	NA	NA	NA	NA	NA	NA	NA	NA	NA	NA	NA	NA	NA	NA	NA	NA	NA	NA	NA	NA	NA	NA	NA	NA	NA	NA	NA	NA	NA	NA	NA	NA	NA	NA	NA	NA	NA	NA
"Morocco"	0.616	0.552	2222.93701171875	NA	NA	NA	NA	NA	NA	NA	NA	NA	NA	NA	NA	NA	0.095	0.5856	2580.5837890625	40.7	NA	NA	NA	NA	0.454	0.682	3355.61303710938	NA	NA	NA	NA	NA	0.446695652173913	0.598434782608696	2655.12451702616	40.05	NA	NA	NA	NA	NA	0.552	2222.93701171875	NA	NA	NA	NA	NA	NA	NA	NA	NA	NA	NA	NA	NA	NA	0.596	3419	NA	NA	NA	NA	NA	NA	NA	NA	NA	NA	NA	NA	NA	NA	NA	NA	NA	0.446695652173913	0.598434782608696	2655.12451702616	40.05
"Oman"	NA	NA	NA	NA	NA	NA	NA	NA	NA	NA	NA	NA	NA	NA	NA	NA	NA	NA	NA	NA	NA	NA	NA	NA	0.306	0.839	18044.2704535008	NA	NA	NA	NA	NA	NA	NA	NA	NA	NA	NA	NA	NA	NA	NA	NA	NA	0.7005	0.82625	18485.2258433212	NA	NA	NA	NA	NA	NA	NA	NA	NA	NA	NA	NA	NA	NA	NA	NA	NA	NA	NA	NA	NA	NA	NA	NA	NA	NA	NA	NA	NA	0.676764705882353	0.782	19657.8446477603	NA
"Pakistan"	NA	NA	NA	NA	NA	NA	NA	NA	-2.92	0.538	1335.69009891921	30.45	NA	NA	NA	NA	0.07	0.4939	1113.04296070771	30.08	NA	NA	NA	NA	0.538	0.546	1452.85142930928	NA	NA	NA	NA	NA	0.368347826086957	0.497565217391304	1156.42480146141	30.26	NA	NA	NA	NA	NA	NA	NA	NA	NA	NA	NA	NA	0.308037037037037	0.465518518518519	1045.76997631635	30.6833333333333	NA	NA	NA	NA	NA	NA	NA	NA	NA	NA	NA	NA	NA	NA	NA	NA	NA	NA	NA	NA	0.4182	0.5142	1180.92826275484	29.3333333333333	0.368347826086957	0.497565217391304	1156.42480146141	30.26
"Palestine"	NA	NA	NA	NA	NA	NA	NA	NA	NA	NA	NA	NA	NA	NA	NA	NA	NA	NA	NA	NA	NA	NA	NA	NA	NA	NA	NA	NA	NA	NA	NA	NA	NA	NA	NA	NA	NA	NA	NA	NA	NA	NA	2041.59223117565	NA	NA	NA	NA	NA	NA	NA	NA	NA	NA	NA	NA	NA	NA	NA	NA	NA	NA	NA	NA	NA	NA	NA	NA	NA	NA	NA	NA	NA	NA	0.6966	3166.11717547264	34.85	NA	NA	NA	NA
"Qatar"	NA	NA	NA	NA	NA	NA	NA	NA	NA	NA	NA	NA	NA	NA	NA	NA	NA	NA	NA	NA	0.65	0.846	66984.9102002396	NA	0.185	0.859	59672.641552652	NA	NA	NA	NA	NA	NA	NA	NA	NA	NA	NA	NA	NA	NA	NA	NA	NA	NA	NA	NA	NA	NA	NA	NA	NA	NA	NA	NA	NA	NA	NA	NA	NA	NA	NA	NA	NA	0.59	0.8218	57016.4974074521	NA	0.63	0.829	72870.3737957496	NA	NA	NA	NA	NA	0.459933333333333	0.830869565217391	61738.8899825017	NA
"Saudi Arabia"	NA	NA	NA	NA	NA	NA	NA	NA	NA	NA	NA	NA	NA	NA	NA	NA	0	0.7981	17958.4803943512	NA	NA	NA	NA	NA	0.252	0.873	19806.1154660443	NA	NA	NA	NA	NA	0.454555555555556	0.806826086956522	18342.7741935178	NA	NA	NA	NA	NA	NA	0.76	16916.5286773061	NA	NA	NA	NA	NA	NA	NA	NA	NA	NA	NA	NA	NA	NA	NA	NA	NA	NA	NA	NA	NA	NA	NA	NA	NA	NA	NA	NA	NA	NA	NA	NA	NA	0.454555555555556	0.806826086956522	18342.7741935178	NA
"Sudan"	NA	NA	NA	NA	NA	NA	NA	NA	NA	NA	NA	NA	NA	NA	NA	NA	NA	NA	NA	NA	NA	NA	NA	NA	0.545	0.514	1950.03161621094	NA	NA	NA	NA	NA	NA	NA	NA	NA	NA	NA	NA	NA	NA	NA	NA	NA	NA	NA	NA	NA	NA	NA	NA	NA	NA	NA	NA	NA	NA	NA	NA	NA	NA	NA	NA	NA	NA	NA	NA	NA	NA	NA	NA	NA	NA	NA	NA	NA	NA	NA	NA	NA
"Syria"	NA	NA	NA	NA	NA	NA	NA	NA	NA	NA	NA	NA	NA	NA	NA	NA	NA	NA	NA	NA	NA	NA	NA	NA	0.482	0.584	781.391217414265	NA	NA	NA	NA	NA	NA	NA	NA	NA	NA	NA	NA	NA	NA	NA	NA	NA	NA	NA	NA	NA	NA	NA	NA	NA	NA	NA	NA	NA	NA	NA	NA	NA	NA	NA	NA	NA	NA	NA	NA	NA	NA	NA	NA	NA	NA	NA	NA	NA	0.515826086956522	0.609478260869565	1181.79535574083	37.5
"Tajikistan"	NA	NA	NA	NA	NA	NA	NA	NA	NA	NA	NA	NA	NA	NA	NA	NA	NA	NA	NA	NA	NA	NA	NA	NA	0.314	0.676	1172.07912349879	NA	NA	NA	NA	NA	NA	NA	NA	NA	NA	NA	NA	NA	NA	NA	NA	NA	NA	NA	NA	NA	NA	NA	NA	NA	NA	NA	NA	NA	NA	NA	NA	NA	NA	NA	NA	NA	NA	NA	NA	NA	NA	NA	NA	NA	NA	NA	NA	NA	NA	NA	NA	NA
"Tunisia"	NA	NA	NA	NA	NA	NA	NA	NA	NA	NA	NA	NA	NA	NA	NA	NA	NA	NA	NA	NA	0.63	0.733	3960.92484913663	32.8	0.296	0.745	4094.88057787837	NA	NA	NA	NA	NA	NA	NA	NA	NA	NA	NA	NA	NA	NA	0.677	3021.58200822647	NA	NA	NA	NA	NA	NA	NA	NA	NA	NA	NA	NA	NA	NA	NA	NA	NA	NA	NA	NA	NA	0.63	0.6883	3260.02100822842	39.25	0.63	0.724	3842.55557658763	NA	0.7126	0.7246	3859.38563784159	35.8	0.688521739130435	0.705652173913043	3522.72863999479	36.775
"Turkey"	0.742	0.69	6566.82826350097	42.2	NA	NA	NA	NA	-1.13	0.8242	11187.6922635581	41.86	0.563	0.728	7842.57602878755	39	0.31	0.7241	8107.15413284973	40.11	0.62	0.817	10851.9201069804	42.9	0.306	0.842	11935.3878678248	41.9	-2.12	0.695259259259259	7727	40.7941176470588	0.576652173913043	0.746565217391304	8802.11588608647	40.7722222222222	NA	NA	NA	NA	0.29	0.69	6566.82826350097	42.2	0.6855	0.824375	11260.6306980835	41.6285714285714	0.507592592592593	0.695259259259259	7408.16921585554	40.7941176470588	0.521	0.704965517241379	7712.21389099997	40.8842105263158	0.308	0.735	6380	NA	0.484	0.695	7112.4922714683	41.3	0.59	0.6989	7270.63073782315	40.4375	0.6	0.769	9506.96657498285	40.2	NA	NA	NA	NA	0.576652173913043	0.746565217391304	8802.11588608647	40.7722222222222
"United Arab Emirates"	NA	NA	NA	NA	NA	NA	NA	NA	-0.59	0.88	42257.72769846	26	NA	NA	NA	NA	0.18	0.83	46281.7313539741	NA	0.65	0.865	41525.1389043587	NA	0.079	0.92	43785.4172712311	NA	0.33	0.804666666666667	42950	32.5	0.642	0.841304347826087	47076.8551648423	29.25	NA	NA	NA	NA	NA	NA	NA	NA	NA	NA	NA	NA	NA	NA	NA	NA	NA	NA	NA	NA	NA	NA	NA	NA	0.273	0.818	59986.440027708	NA	0.62	0.8179	52880.1378451894	NA	0.64	0.846	36567.6222922399	NA	NA	NA	NA	NA	0.642	0.841304347826087	47076.8551648423	29.25
"Uzbekistan"	NA	NA	NA	NA	NA	NA	NA	NA	NA	NA	NA	NA	NA	NA	NA	NA	NA	NA	NA	NA	NA	NA	NA	NA	0.288	0.726	3185.3345554112	NA	NA	NA	NA	NA	NA	NA	NA	NA	NA	NA	NA	NA	NA	NA	NA	NA	0.7385	0.710375	2887.4979725365	NA	NA	NA	NA	NA	NA	NA	NA	NA	NA	NA	NA	NA	NA	NA	NA	NA	NA	NA	NA	NA	NA	NA	NA	NA	NA	NA	NA	NA	NA	NA	NA	NA
"Yemen"	NA	NA	NA	NA	NA	NA	NA	NA	NA	NA	NA	NA	NA	NA	NA	NA	NA	NA	NA	NA	NA	NA	NA	NA	0.795	0.461	NA	NA	NA	NA	NA	NA	NA	NA	NA	NA	NA	NA	NA	NA	NA	NA	NA	NA	NA	NA	NA	NA	NA	NA	NA	NA	NA	NA	NA	NA	NA	NA	NA	NA	NA	NA	NA	NA	NA	NA	NA	NA	NA	NA	NA	NA	0.2046	0.5098	2233.70084190358	36.7	NA	NA	NA	NA
"Angola"	NA	NA	NA	NA	NA	NA	NA	NA	NA	NA	NA	NA	NA	NA	NA	NA	NA	NA	NA	NA	NA	NA	NA	NA	0.536	0.595	2569.70165067457	NA	NA	NA	NA	NA	NA	NA	NA	NA	NA	NA	NA	NA	NA	NA	NA	NA	NA	NA	NA	NA	NA	NA	NA	NA	NA	NA	NA	NA	NA	NA	NA	NA	NA	NA	NA	NA	NA	NA	NA	NA	NA	NA	NA	NA	NA	NA	NA	NA	NA	NA	NA	NA
"Botswana"	0.559	0.59	5171.41572269947	NA	NA	NA	NA	NA	NA	NA	NA	NA	NA	NA	NA	NA	0.47	0.6331	5505.6909689869	60.5	NA	NA	NA	NA	0.465	0.717	6485.46043979844	NA	NA	NA	NA	NA	NA	NA	NA	NA	NA	NA	NA	NA	0.564	0.59	5171.41572269947	NA	NA	NA	NA	NA	NA	NA	NA	NA	NA	NA	NA	NA	NA	0.577	6872	NA	NA	NA	NA	NA	NA	NA	NA	NA	NA	NA	NA	NA	NA	NA	NA	NA	0.500782608695652	0.648869565217391	5597.43374303379	59.5
"Burkina Faso"	NA	NA	NA	NA	NA	NA	NA	NA	NA	NA	NA	NA	NA	NA	NA	NA	NA	NA	NA	NA	NA	NA	NA	NA	0.594	0.452	716.012197407328	NA	NA	NA	NA	NA	NA	NA	NA	NA	NA	NA	NA	NA	NA	NA	NA	NA	NA	NA	NA	NA	NA	NA	NA	NA	NA	NA	NA	NA	NA	NA	NA	NA	NA	NA	NA	NA	NA	NA	NA	NA	NA	NA	NA	NA	NA	NA	NA	NA	NA	NA	NA	NA
"Burundi"	NA	NA	NA	NA	NA	NA	NA	NA	NA	NA	NA	NA	NA	NA	NA	NA	NA	NA	NA	NA	NA	NA	NA	NA	0.504	0.431	270.137277342414	NA	NA	NA	NA	NA	NA	NA	NA	NA	NA	NA	NA	NA	NA	NA	NA	NA	NA	NA	NA	NA	NA	NA	NA	NA	NA	NA	NA	NA	NA	NA	NA	NA	NA	NA	NA	NA	NA	NA	NA	NA	NA	NA	NA	NA	NA	NA	NA	NA	NA	NA	NA	NA
"Cameroon"	NA	NA	NA	NA	NA	NA	NA	NA	NA	NA	NA	NA	NA	NA	NA	NA	0.43	0.4953	1268.23296597631	42.8	NA	NA	NA	NA	0.56	0.583	1454.56406898726	NA	0.01	0.478962962962963	1165	43.975	NA	NA	NA	NA	NA	NA	NA	NA	NA	NA	NA	NA	NA	NA	NA	NA	NA	NA	NA	NA	NA	NA	NA	NA	NA	NA	NA	NA	NA	NA	NA	NA	NA	NA	NA	NA	NA	NA	NA	NA	NA	NA	NA	NA	0.384478260869565	0.509347826086957	1289.12819445987	43.8333333333333
"Central African Republic"	NA	NA	NA	NA	NA	NA	NA	NA	NA	NA	NA	NA	NA	NA	NA	NA	NA	NA	NA	NA	NA	NA	NA	NA	0.68	0.411	381.414046366167	NA	NA	NA	NA	NA	NA	NA	NA	NA	NA	NA	NA	NA	NA	NA	NA	NA	NA	NA	NA	NA	NA	NA	NA	NA	NA	NA	NA	NA	NA	NA	NA	NA	NA	NA	NA	NA	NA	NA	NA	NA	NA	NA	NA	NA	NA	NA	NA	NA	NA	NA	NA	NA
"Congo"	0.373	0.384	330.548987085804	NA	NA	NA	NA	NA	NA	NA	NA	NA	NA	NA	NA	NA	NA	NA	NA	NA	NA	NA	NA	NA	0.57	0.57	1731.79988587811	NA	NA	NA	NA	NA	NA	NA	NA	NA	NA	NA	NA	NA	NA	NA	NA	NA	NA	NA	NA	NA	NA	NA	NA	NA	NA	NA	NA	NA	NA	0.429	801	NA	NA	NA	NA	NA	NA	NA	NA	NA	NA	NA	NA	NA	NA	NA	NA	NA	NA	NA	NA	NA
"Democratic Republic of Congo"	NA	NA	NA	NA	NA	NA	NA	NA	NA	NA	NA	NA	NA	NA	NA	NA	NA	NA	NA	NA	NA	NA	NA	NA	0.617	0.482	494.819247637626	NA	NA	NA	NA	NA	NA	NA	NA	NA	NA	NA	NA	NA	NA	NA	NA	NA	NA	NA	NA	NA	NA	NA	NA	NA	NA	NA	NA	NA	NA	NA	NA	NA	NA	NA	NA	NA	NA	NA	NA	NA	NA	NA	NA	NA	NA	NA	NA	NA	NA	NA	NA	NA
"Eswatini"	NA	NA	NA	NA	NA	NA	NA	NA	NA	NA	NA	NA	NA	NA	NA	NA	NA	NA	NA	NA	NA	NA	NA	NA	0.567	0.615	3766.06299935158	NA	NA	NA	NA	NA	NA	NA	NA	NA	NA	NA	NA	NA	NA	NA	NA	NA	NA	NA	NA	NA	NA	NA	NA	NA	NA	NA	NA	NA	NA	NA	NA	NA	NA	NA	NA	NA	NA	NA	NA	NA	NA	NA	NA	NA	NA	NA	NA	NA	NA	NA	NA	NA
"Ethiopia"	0.355	0.313	255.100268984549	NA	NA	NA	NA	NA	NA	NA	NA	NA	NA	NA	NA	NA	NA	NA	NA	NA	NA	NA	NA	NA	0.517	0.498	785.484981695154	NA	NA	NA	NA	NA	0.405	0.40347619047619	458.438559466792	32	NA	NA	NA	NA	NA	NA	NA	NA	NA	NA	NA	NA	NA	NA	NA	NA	0.394722222222222	0.393526315789474	376.711226645487	34.52	NA	0.321	628	NA	NA	NA	NA	NA	NA	NA	NA	NA	NA	NA	NA	NA	NA	NA	NA	NA	0.405	0.40347619047619	458.438559466792	32
"Gabon"	NA	NA	NA	NA	NA	NA	NA	NA	NA	NA	NA	NA	NA	NA	NA	NA	NA	NA	NA	NA	NA	NA	NA	NA	0.525	0.709	6893.32310568364	NA	NA	NA	NA	NA	NA	NA	NA	NA	NA	NA	NA	NA	NA	NA	NA	NA	NA	NA	NA	NA	NA	NA	NA	NA	NA	NA	NA	NA	NA	NA	NA	NA	NA	NA	NA	NA	NA	NA	NA	NA	NA	NA	NA	NA	NA	NA	NA	NA	NA	NA	NA	NA
"Gambia"	NA	NA	NA	NA	NA	NA	NA	NA	NA	NA	NA	NA	NA	NA	NA	NA	NA	NA	NA	NA	NA	NA	NA	NA	0.612	0.503	668.635121138293	NA	NA	NA	NA	NA	NA	NA	NA	NA	NA	NA	NA	NA	NA	NA	NA	NA	NA	NA	NA	NA	NA	NA	NA	NA	NA	NA	NA	NA	NA	NA	NA	NA	NA	NA	NA	NA	NA	NA	NA	NA	NA	NA	NA	NA	NA	NA	NA	NA	NA	NA	NA	NA
"Ghana"	NA	NA	NA	NA	NA	NA	NA	NA	NA	NA	NA	NA	NA	NA	NA	NA	0.485	0.5537	1282.52867567693	42.6	NA	NA	NA	NA	0.538	0.631	1981.61392799198	NA	-0.03	0.529185185185185	1323	39.7857142857143	0.434130434782609	0.564217391304348	1410.94372754656	42.2	NA	NA	NA	NA	NA	0.515	1075.37197485591	NA	NA	NA	NA	NA	NA	NA	NA	NA	NA	NA	NA	NA	NA	NA	NA	NA	NA	NA	NA	NA	NA	NA	NA	NA	NA	NA	NA	NA	NA	NA	NA	NA	0.434130434782609	0.564217391304348	1410.94372754656	42.2
"Ivory Coast"	NA	NA	NA	NA	NA	NA	NA	NA	NA	NA	NA	NA	NA	NA	NA	NA	NA	NA	NA	NA	NA	NA	NA	NA	0.638	NA	NA	NA	NA	NA	NA	NA	NA	NA	NA	NA	NA	NA	NA	NA	NA	NA	NA	NA	NA	NA	NA	NA	NA	NA	NA	NA	NA	NA	NA	NA	NA	NA	NA	NA	NA	NA	NA	NA	NA	NA	NA	NA	NA	NA	NA	NA	NA	NA	NA	NA	NA	NA	NA	NA
"Kenya"	NA	NA	NA	NA	NA	NA	NA	NA	-1.44	0.5674	1526.98931072571	40.8	NA	NA	NA	NA	0.45	0.5302	1281.9655719782	46.5	NA	NA	NA	NA	0.518	0.581	1653.82897976607	NA	NA	NA	NA	NA	0.393727272727273	0.533130434782609	1353.50154062767	41.1666666666667	NA	NA	NA	NA	NA	NA	NA	NA	NA	NA	NA	NA	NA	NA	NA	NA	NA	NA	NA	NA	NA	NA	NA	NA	NA	NA	NA	NA	NA	NA	NA	NA	NA	NA	NA	NA	NA	NA	NA	NA	0.393727272727273	0.533130434782609	1353.50154062767	41.1666666666667
"Lesotho"	NA	NA	NA	NA	NA	NA	NA	NA	NA	NA	NA	NA	NA	NA	NA	NA	NA	NA	NA	NA	NA	NA	NA	NA	0.553	0.524	1040.21866526524	NA	NA	NA	NA	NA	NA	NA	NA	NA	NA	NA	NA	NA	NA	NA	NA	NA	NA	NA	NA	NA	NA	NA	NA	NA	NA	NA	NA	NA	NA	NA	NA	NA	NA	NA	NA	NA	NA	NA	NA	NA	NA	NA	NA	NA	NA	NA	NA	NA	NA	NA	NA	NA
"Liberia"	NA	NA	NA	NA	NA	NA	NA	NA	NA	NA	NA	NA	NA	NA	NA	NA	NA	NA	NA	NA	NA	NA	NA	NA	0.65	0.484	644.162065213927	NA	NA	NA	NA	NA	NA	NA	NA	NA	NA	NA	NA	NA	NA	NA	NA	NA	NA	NA	NA	NA	NA	NA	NA	NA	NA	NA	NA	NA	NA	NA	NA	NA	NA	NA	NA	NA	NA	NA	NA	NA	NA	NA	NA	NA	NA	NA	NA	NA	NA	NA	NA	NA
"Malawi"	NA	NA	NA	NA	NA	NA	NA	NA	NA	NA	NA	NA	NA	NA	NA	NA	0.46	0.4304	460.474512466816	42.7	NA	NA	NA	NA	0.565	0.519	573.400113656026	38.5	NA	NA	NA	NA	NA	NA	NA	NA	NA	NA	NA	NA	NA	NA	NA	NA	NA	NA	NA	NA	NA	NA	NA	NA	NA	NA	NA	NA	NA	NA	NA	NA	NA	NA	NA	NA	NA	NA	NA	NA	NA	NA	NA	NA	NA	NA	NA	NA	NA	NA	NA	NA
"Mali"	NA	NA	NA	NA	NA	NA	NA	NA	NA	NA	NA	NA	NA	NA	NA	NA	NA	NA	NA	NA	NA	NA	NA	NA	0.671	0.433	779.326625004357	NA	NA	NA	NA	NA	NA	NA	NA	NA	NA	NA	NA	NA	NA	NA	NA	NA	NA	NA	NA	NA	NA	NA	NA	NA	NA	NA	NA	NA	NA	NA	NA	NA	NA	NA	NA	NA	NA	NA	NA	NA	NA	NA	NA	NA	NA	NA	NA	NA	NA	NA	NA	NA
"Mozambique"	NA	NA	NA	NA	NA	NA	NA	NA	NA	NA	NA	NA	NA	NA	NA	NA	NA	NA	NA	NA	NA	NA	NA	NA	0.523	0.456	600.403365932758	50.5	NA	NA	NA	NA	NA	NA	NA	NA	NA	NA	NA	NA	NA	NA	NA	NA	NA	NA	NA	NA	NA	NA	NA	NA	NA	NA	NA	NA	NA	NA	NA	NA	NA	NA	NA	NA	NA	NA	NA	NA	NA	NA	NA	NA	NA	NA	NA	NA	NA	NA	NA	NA
"Namibia"	NA	NA	NA	NA	NA	NA	NA	NA	NA	NA	NA	NA	NA	NA	NA	NA	NA	NA	NA	NA	NA	NA	NA	NA	0.44	0.639	4596.61963564645	NA	NA	NA	NA	NA	NA	NA	NA	NA	NA	NA	NA	NA	NA	NA	NA	NA	NA	NA	NA	NA	NA	NA	NA	NA	NA	NA	NA	NA	NA	NA	NA	NA	NA	NA	NA	NA	NA	NA	NA	NA	NA	NA	NA	NA	NA	NA	NA	NA	0.484391304347826	0.586695652173913	4011.5031553342	61.1333333333333
"Nigeria"	NA	NA	NA	NA	NA	NA	NA	NA	NA	NA	NA	NA	NA	NA	NA	NA	NA	0.4779	2149.87976881094	37.1	NA	NA	NA	NA	NA	0.538	2505.46274518312	NA	NA	NA	NA	NA	0.319666666666667	0.498	2152.61416788801	36.46	NA	NA	1608.77988597578	NA	NA	NA	NA	NA	NA	NA	NA	NA	0.320357142857143	0.488142857142857	1914.472802015	40.4	NA	NA	NA	NA	NA	NA	NA	NA	NA	NA	NA	NA	NA	NA	NA	NA	NA	NA	NA	NA	NA	NA	NA	NA	0.319666666666667	0.498	2152.61416788801	36.46
"Rwanda"	NA	NA	NA	NA	NA	NA	NA	NA	NA	NA	NA	NA	NA	NA	NA	NA	0.68	0.455	519.02715050152	49.6	NA	NA	NA	NA	0.402	0.534	871.109890772384	NA	NA	NA	NA	NA	NA	NA	NA	NA	NA	NA	NA	NA	NA	NA	NA	NA	NA	NA	NA	NA	NA	NA	NA	NA	NA	NA	NA	NA	NA	NA	NA	NA	NA	NA	NA	NA	NA	NA	NA	NA	NA	NA	NA	NA	0.5622	0.5026	641.157593527824	46.15	0.530826086956522	0.453130434782609	566.891440695472	47.3
"Sao Tome and Principe"	NA	NA	NA	NA	NA	NA	NA	NA	NA	NA	NA	NA	NA	NA	NA	NA	NA	NA	NA	NA	NA	NA	NA	NA	0.537	0.622	1676.39631287316	NA	NA	NA	NA	NA	NA	NA	NA	NA	NA	NA	NA	NA	NA	NA	NA	NA	NA	NA	NA	NA	NA	NA	NA	NA	NA	NA	NA	NA	NA	NA	NA	NA	NA	NA	NA	NA	NA	NA	NA	NA	NA	NA	NA	NA	NA	NA	NA	NA	NA	NA	NA	NA
"Senegal"	NA	NA	NA	NA	NA	NA	NA	NA	NA	NA	NA	NA	NA	NA	NA	NA	NA	NA	NA	NA	NA	NA	NA	NA	0.533	0.513	1409.97082084872	NA	NA	NA	NA	NA	NA	NA	NA	NA	NA	NA	NA	NA	NA	NA	NA	NA	NA	NA	NA	NA	NA	NA	NA	NA	NA	NA	NA	NA	NA	NA	NA	NA	NA	NA	NA	NA	NA	NA	NA	NA	NA	NA	NA	NA	NA	NA	NA	NA	NA	NA	NA	NA
"Sierra Leone"	NA	NA	NA	NA	NA	NA	NA	NA	NA	NA	NA	NA	NA	NA	NA	NA	NA	NA	NA	NA	NA	NA	NA	NA	0.644	0.48	634.985615716206	NA	NA	NA	NA	NA	NA	NA	NA	NA	NA	NA	NA	NA	NA	NA	NA	NA	NA	NA	NA	NA	NA	NA	NA	NA	NA	NA	NA	NA	NA	NA	NA	NA	NA	NA	NA	NA	NA	NA	NA	NA	NA	NA	NA	NA	NA	NA	NA	NA	NA	NA	NA	NA
"South Africa"	0.652	0.629	5052.90993956202	NA	0.737883333333333	0.66	5966.32069551536	63.2	-0.39	0.7186	6225.43571562807	63	NA	NA	NA	NA	0.62	0.6547	5773.79233146332	63.7333333333333	NA	NA	NA	NA	0.406	0.736	6189.28924468567	NA	0.4	0.65825925925926	6161	61.8833333333333	0.556347826086957	0.673217391304348	5681.47202517242	62.4	0.504	0.632	4643.22231499389	NA	NA	0.629	5052.90993956202	NA	NA	NA	NA	NA	0.540111111111111	0.65825925925926	5250.42357754673	61.8833333333333	0.54351724137931	0.662724137931035	5318.81452572416	61.8833333333333	NA	NA	NA	NA	0.534	0.63	5233.86627685538	NA	NA	NA	NA	NA	NA	NA	NA	NA	0.5554	0.6946	6171.92343812044	63.2	0.556347826086957	0.673217391304348	5681.47202517242	62.4
"Tanzania"	0.414	0.426	617.191284179688	NA	NA	NA	NA	NA	NA	NA	NA	NA	NA	NA	NA	NA	0.51	0.468	734.662878417969	39.05	NA	NA	NA	NA	0.556	0.548	1038.736328125	NA	NA	0.433444444444444	740	37.675	NA	NA	NA	NA	NA	NA	NA	NA	NA	NA	NA	NA	NA	NA	NA	NA	NA	NA	NA	NA	NA	NA	NA	NA	NA	NA	NA	NA	NA	NA	NA	NA	NA	NA	NA	NA	NA	NA	NA	NA	NA	NA	NA	NA	0.435333333333333	0.47395652173913	777.082798170007	38.975
"Togo"	NA	NA	NA	NA	NA	NA	NA	NA	NA	NA	NA	NA	NA	NA	NA	NA	NA	NA	NA	NA	NA	NA	NA	NA	0.573	0.535	837.492927554283	NA	NA	NA	NA	NA	NA	NA	NA	NA	NA	NA	NA	NA	NA	NA	NA	NA	NA	NA	NA	NA	NA	NA	NA	NA	NA	NA	NA	NA	NA	NA	NA	NA	NA	NA	NA	NA	NA	NA	NA	NA	NA	NA	NA	NA	NA	NA	NA	NA	NA	NA	NA	NA
"Uganda"	NA	NA	NA	NA	NA	NA	NA	NA	NA	NA	NA	NA	NA	NA	NA	NA	0.48	0.4759	697.718339015694	42.7	NA	NA	NA	NA	0.535	0.525	922.023174125429	42.7	0.28	0.426	609	42.6555555555556	NA	NA	NA	NA	NA	NA	NA	NA	NA	NA	NA	NA	NA	NA	NA	NA	NA	NA	NA	NA	NA	NA	NA	NA	NA	NA	NA	NA	NA	NA	NA	NA	NA	NA	NA	NA	NA	NA	NA	NA	NA	NA	NA	NA	0.450631578947368	0.47304347826087	720.60814355706	43.1142857142857
"Zambia"	NA	NA	NA	NA	NA	NA	NA	NA	NA	NA	NA	NA	NA	NA	NA	NA	NA	NA	NA	NA	NA	NA	NA	NA	0.539	0.575	1310.62222427718	NA	NA	NA	NA	NA	NA	NA	NA	NA	0.309	0.412	889.993124152637	NA	NA	NA	NA	NA	NA	NA	NA	NA	NA	NA	NA	NA	NA	NA	NA	NA	NA	NA	NA	NA	NA	NA	NA	NA	NA	NA	NA	NA	NA	NA	NA	NA	NA	NA	NA	NA	0.409	0.505086956521739	1092.87722216703	51.3333333333333
"Zimbabwe"	0.493	0.439	1260.39113645537	NA	NA	NA	NA	NA	NA	NA	NA	NA	NA	NA	NA	NA	0.49	0.4783	1109.70102249951	43.2	NA	NA	NA	NA	0.527	0.601	1342.98958637234	50.3	NA	NA	NA	NA	0.427304347826087	0.511347826086957	1330.67988120603	45.9333333333333	NA	NA	NA	NA	NA	NA	NA	NA	NA	NA	NA	NA	NA	NA	NA	NA	NA	NA	NA	NA	NA	0.554	2876	NA	NA	NA	NA	NA	NA	NA	NA	NA	NA	NA	NA	NA	NA	NA	NA	NA	0.427304347826087	0.511347826086957	1330.67988120603	45.9333333333333
"Bangladesh"	0.514	0.505	698.732088588378	NA	NA	NA	NA	NA	NA	NA	NA	NA	NA	NA	NA	NA	0.35	0.5342	870.101158701388	32.65	NA	NA	NA	NA	0.537	0.644	1557.96433416698	NA	-0.42	0.500666666666667	486	30.3555555555556	0.384130434782609	0.551869565217391	989.25637239434	32.775	NA	NA	NA	NA	NA	NA	NA	NA	NA	NA	NA	NA	NA	NA	NA	NA	NA	NA	NA	NA	0.309	0.47	1483	NA	NA	NA	NA	NA	NA	NA	NA	NA	NA	NA	NA	NA	NA	NA	NA	NA	0.384130434782609	0.551869565217391	989.25637239434	32.775
"Bhutan"	NA	NA	NA	NA	NA	NA	NA	NA	NA	NA	NA	NA	NA	NA	NA	NA	NA	NA	NA	NA	NA	NA	NA	NA	0.421	0.671	3219.64143919345	NA	NA	NA	NA	NA	NA	NA	NA	NA	NA	NA	NA	NA	NA	NA	NA	NA	0.606625	0.6415	2841.98468044797	37.4	NA	NA	NA	NA	NA	NA	NA	NA	NA	NA	NA	NA	NA	NA	NA	NA	NA	NA	NA	NA	NA	NA	NA	NA	NA	NA	NA	NA	NA	NA	NA	NA
"Brunei"	NA	NA	NA	NA	NA	NA	NA	NA	NA	NA	NA	NA	NA	NA	NA	NA	NA	NA	NA	NA	NA	NA	NA	NA	0.255	0.83	30313.4172889713	NA	NA	NA	NA	NA	NA	NA	NA	NA	NA	NA	NA	NA	NA	NA	NA	NA	NA	NA	NA	NA	NA	NA	NA	NA	NA	NA	NA	NA	NA	NA	NA	NA	NA	NA	NA	NA	NA	NA	NA	NA	NA	NA	NA	NA	NA	NA	NA	NA	0.7116	0.825217391304348	32776.8382951931	NA
"Cambodia"	NA	NA	NA	NA	NA	NA	NA	NA	NA	NA	NA	NA	NA	NA	NA	NA	0.44	0.5198	801.921667356577	NA	NA	NA	NA	NA	0.474	0.598	1465.96953538762	NA	NA	NA	NA	NA	NA	NA	NA	NA	NA	NA	NA	NA	NA	NA	NA	NA	NA	NA	NA	NA	NA	NA	NA	NA	NA	NA	NA	NA	NA	NA	NA	NA	NA	NA	NA	NA	NA	NA	NA	NA	NA	NA	NA	NA	NA	NA	NA	NA	0.456086956521739	0.52195652173913	893.654972584749	NA
"China"	NA	NA	NA	NA	0.678933333333333	0.676333333333333	4960.01865549986	43.0333333333333	NA	NA	NA	NA	NA	NA	NA	NA	0.56	0.6646	4560.15012501389	42.44	NA	0.733	8016.44601585644	38.6	0.168	0.762	10155.5114163468	38.2	0.25	0.616037037037037	5574	39.3	0.752130434782609	0.674217391304348	5520.3911738698	40.12	NA	0.484	905.032504707292	NA	NA	NA	NA	NA	NA	NA	NA	NA	0.740578947368421	0.616037037037037	3642.56695076521	39.3	NA	NA	NA	NA	NA	NA	NA	NA	0.725	0.626	3061.83333342101	NA	NA	NA	NA	NA	NA	NA	NA	NA	0.759	0.7084	6596.12764372466	41.44	0.752130434782609	0.674217391304348	5520.3911738698	40.12
"Chinese Taipei"	NA	NA	NA	NA	NA	NA	NA	NA	NA	NA	NA	NA	NA	NA	NA	NA	NA	NA	NA	NA	NA	NA	NA	NA	NA	NA	NA	NA	NA	NA	NA	NA	NA	NA	NA	NA	NA	NA	NA	NA	NA	NA	NA	NA	NA	NA	NA	NA	NA	NA	NA	NA	NA	NA	NA	NA	NA	NA	NA	NA	NA	NA	NA	NA	NA	NA	NA	NA	NA	NA	NA	NA	NA	NA	NA	NA	NA	NA	NA	NA
"Himachal Pradesh_India"	NA	NA	NA	NA	NA	NA	NA	NA	NA	NA	NA	NA	NA	NA	NA	NA	NA	NA	NA	NA	NA	NA	NA	NA	NA	NA	NA	NA	NA	NA	NA	NA	NA	NA	NA	NA	NA	NA	NA	NA	NA	NA	NA	NA	NA	NA	NA	NA	NA	NA	NA	NA	NA	NA	NA	NA	NA	NA	NA	NA	NA	NA	NA	NA	0.61	NA	NA	NA	NA	NA	NA	NA	NA	NA	NA	NA	NA	NA	NA	NA
"Hong Kong"	0.912	0.864	28097.0970664949	NA	NA	NA	NA	NA	NA	0.9392	43395.566554025	NA	NA	NA	NA	NA	NA	NA	NA	NA	NA	0.935	42432.1619740441	NA	NA	NA	NA	NA	NA	NA	NA	NA	NA	0.900130434782609	35949.4181022549	NA	NA	NA	NA	NA	NA	0.864	28097.0970664949	NA	NA	NA	NA	NA	NA	NA	NA	NA	NA	NA	NA	NA	NA	0.88	22090	NA	NA	NA	NA	NA	NA	0.8761	31552.3691968077	NA	NA	0.918	39887.8127268218	NA	NA	0.9186	40078.1847543281	NA	NA	0.900130434782609	35949.4181022549	NA
"India"	0.586	0.516	840.818039129375	NA	0.608383333333333	0.564	1141.09334939982	35.55	-1.52	0.6352	1693.68746204319	35	NA	NA	NA	NA	0.24	0.5557	1086.49997656926	35.1666666666667	NA	NA	NA	NA	0.488	0.645	1944.31483661637	35	-2.4	0.52262962962963	382	33.8555555555556	0.42295652173913	0.568739130434783	1228.54232275974	35.0333333333333	0.307	0.434	534.48409633961	NA	NA	NA	NA	NA	NA	NA	NA	NA	0.373925925925926	0.52262962962963	944.590178977078	33.925	NA	NA	NA	NA	NA	NA	NA	NA	0.369	0.525	892.38209805572	34.4	NA	NA	NA	NA	NA	NA	NA	NA	NA	NA	NA	NA	0.42295652173913	0.568739130434783	1228.54232275974	35.0333333333333
"Indonesia"	0.691	0.621	2009.48978401006	33	NA	NA	NA	NA	-1.13	0.699	3462.44013843927	39.42	NA	NA	NA	NA	0.38	0.647	2444.98268397273	36.33	0.68	0.695	3322.58167907656	40.4	0.48	0.716	3892.42166201675	37.6	NA	NA	NA	NA	0.48495652173913	0.654739130434783	2685.95060619396	36.2173913043478	0.385	0.526	1483.63803208584	NA	NA	0.621	2009.48978401006	33	NA	NA	NA	NA	NA	NA	NA	NA	NA	NA	NA	NA	NA	NA	NA	NA	NA	NA	NA	NA	0.65	0.6268	2164.25162306762	33.74	0.66	0.678	2959.51447827557	40.5	NA	NA	NA	NA	0.48495652173913	0.654739130434783	2685.95060619396	36.2173913043478
"Japan"	0.937	0.884	31830.2175849262	NA	0.647016666666667	0.895833333333333	33113.9366806445	33.45	-0.16	0.9196	35318.0493107739	NA	NA	NA	NA	NA	0.52	0.8941	32964.5945874604	33.45	0.67	0.918	34960.6393843385	NA	0.094	0.924	36043.7844013365	NA	0.12	0.883259259259259	37866	33.2666666666667	0.871565217391304	0.899043478260869	33342.4908919476	33.2666666666667	0.831	0.845	28422.2131195125	NA	0.515	0.884	31830.2175849262	NA	0.89625	0.919375	35184.6477823756	32.9	0.85537037037037	0.883259259259259	31948.7260132149	33.2666666666667	0.858965517241379	0.88596551724138	32228.1415273744	33.2666666666667	0.52	0.928	24898	NA	0.842	0.888	32515.1158024317	NA	0.64	0.8878	32449.697200338	34.8	0.65	0.905	33518.444936892	NA	NA	NA	NA	NA	0.871565217391304	0.899043478260869	33342.4908919476	33.2666666666667
"Laos"	NA	NA	NA	NA	NA	NA	NA	NA	NA	NA	NA	NA	NA	NA	NA	NA	NA	NA	NA	NA	NA	NA	NA	NA	0.459	0.61	2564.0196538036	NA	NA	NA	NA	NA	NA	NA	NA	NA	NA	NA	NA	NA	NA	NA	NA	NA	NA	NA	NA	NA	NA	NA	NA	NA	NA	NA	NA	NA	NA	NA	NA	NA	NA	NA	NA	NA	NA	NA	NA	NA	NA	NA	NA	NA	NA	NA	NA	NA	NA	NA	NA	NA
"Macao"	NA	NA	NA	NA	NA	NA	NA	NA	NA	NA	NA	NA	NA	NA	NA	NA	NA	NA	NA	NA	NA	NA	73220.6317344085	NA	NA	NA	NA	NA	NA	NA	NA	NA	NA	NA	NA	NA	NA	NA	NA	NA	NA	NA	36992.6427385023	NA	NA	NA	75928.0915483377	NA	NA	NA	NA	NA	NA	NA	NA	NA	NA	NA	NA	NA	NA	NA	NA	NA	NA	NA	45818.5262374593	NA	NA	NA	90787.6182576221	NA	NA	NA	NA	NA	NA	NA	59769.6251864563	NA
"Malaysia"	0.791	0.732	6716.63248705894	46.4	0.647766666666667	0.757166666666667	7884.3474532815	44.7333333333333	-0.73	0.8008	10049.3187879004	41.15	NA	NA	NA	NA	NA	NA	NA	NA	NA	NA	NA	NA	0.253	0.81	11114.5427067876	NA	-0.57	0.726814814814815	6195	45.8416666666667	0.737347826086956	0.761130434782609	8214.39913445736	43.4571428571429	NA	NA	NA	NA	0.503	0.732	6716.63248705894	46.4	NA	NA	NA	NA	0.699259259259259	0.726814814814815	7000.8999914704	45.8416666666667	0.705551724137931	0.732275862068966	7248.89910335139	45.225	NA	NA	NA	NA	0.712	0.735	7004.12651366437	NA	0.64	0.7367	7103.98121293876	45.5666666666667	0.65	0.78	8711.28188426366	NA	NA	NA	NA	NA	0.737347826086956	0.761130434782609	8214.39913445736	43.4571428571429
"Maldives"	NA	NA	NA	NA	NA	NA	NA	NA	NA	NA	NA	NA	NA	NA	NA	NA	NA	NA	NA	NA	NA	NA	NA	NA	0.369	0.755	10753.1213223443	29.3	NA	NA	NA	NA	NA	NA	NA	NA	NA	NA	NA	NA	NA	NA	NA	NA	NA	NA	NA	NA	NA	NA	NA	NA	NA	NA	NA	NA	NA	NA	NA	NA	NA	NA	NA	NA	NA	NA	NA	NA	NA	NA	NA	NA	NA	NA	NA	NA	0.598739130434783	0.685304347826087	8413.84927363334	35.075
"Mongolia"	NA	NA	NA	NA	NA	NA	NA	NA	NA	NA	NA	NA	NA	NA	NA	NA	NA	NA	NA	NA	NA	NA	NA	NA	0.322	0.746	4385.11167749997	NA	NA	NA	NA	NA	NA	NA	NA	NA	NA	NA	NA	NA	NA	NA	NA	NA	0.67625	0.73575	4022.1647859077	32.3333333333333	NA	NA	NA	NA	NA	NA	NA	NA	NA	NA	NA	NA	NA	NA	NA	NA	NA	NA	NA	NA	NA	NA	NA	NA	NA	NA	NA	NA	NA	NA	NA	NA
"Myanmar"	NA	NA	NA	NA	NA	NA	NA	NA	NA	NA	NA	NA	NA	NA	NA	NA	NA	NA	NA	NA	NA	NA	NA	NA	0.478	0.598	1577.8027436178	NA	NA	NA	NA	NA	NA	NA	NA	NA	NA	NA	NA	NA	NA	NA	NA	NA	NA	NA	NA	NA	NA	NA	NA	NA	NA	NA	NA	NA	NA	NA	NA	NA	NA	NA	NA	NA	NA	NA	NA	NA	NA	NA	NA	NA	NA	NA	NA	NA	0.501833333333333	0.499086956521739	868.059386219655	34.4
"Nepal"	NA	NA	NA	NA	NA	NA	NA	NA	NA	NA	NA	NA	NA	NA	NA	NA	NA	NA	NA	NA	NA	NA	NA	NA	0.452	0.611	1061.48627770693	NA	NA	NA	NA	NA	0.429478260869565	0.531913043478261	730.158866386474	38.3	NA	NA	NA	NA	NA	NA	NA	NA	NA	NA	NA	NA	NA	NA	NA	NA	NA	NA	NA	NA	NA	NA	NA	NA	NA	NA	NA	NA	NA	NA	NA	NA	NA	NA	NA	NA	NA	NA	NA	NA	0.429478260869565	0.531913043478261	730.158866386474	38.3
"Philippines"	0.755	0.65	1933.64798204341	46.6	0.760516666666667	0.6685	2311.44049318587	46.75	-0.13	0.7016	3135.52479448599	43.45	NA	NA	NA	NA	0.6	0.6661	2249.08868761223	46.65	NA	NA	NA	NA	0.43	0.718	3589.6136409773	NA	0.35	0.648074074074074	1395	46.4833333333333	0.561565217391304	0.672521739130435	2469.55362169685	45.8857142857143	NA	NA	NA	NA	0.539	0.65	1933.64798204341	46.6	NA	NA	NA	NA	NA	NA	NA	NA	NA	NA	NA	NA	0.47	0.749	3805	NA	0.537	0.657	2020.12970274125	NA	NA	NA	NA	NA	NA	NA	NA	NA	NA	NA	NA	NA	0.561565217391304	0.672521739130435	2469.55362169685	45.8857142857143
"Shanghai_China"	NA	NA	NA	NA	NA	NA	NA	NA	NA	NA	NA	NA	NA	NA	NA	NA	NA	NA	NA	NA	NA	NA	NA	NA	NA	NA	NA	NA	NA	NA	NA	NA	NA	NA	NA	NA	NA	NA	NA	NA	NA	NA	NA	NA	NA	NA	NA	NA	NA	NA	NA	NA	NA	NA	NA	NA	NA	NA	NA	NA	NA	NA	NA	NA	0.69	NA	NA	NA	NA	NA	NA	NA	NA	NA	NA	NA	NA	NA	NA	NA
"Singapore"	NA	NA	NA	NA	0.671266666666667	0.896166666666667	46289.5438177977	NA	0.37	0.9334	57590.263879665	NA	NA	NA	NA	NA	NA	NA	NA	NA	0.71	0.93	55645.6068614606	NA	0.065	0.943	61386.2361505887	NA	0.19	0.845444444444445	54451	NA	0.881565217391304	0.890173913043478	46794.8177137317	NA	NA	NA	NA	NA	0.594	0.845	36709.7965038255	NA	NA	NA	NA	NA	NA	NA	NA	NA	NA	NA	NA	NA	NA	NA	NA	NA	0.846	0.851	39856.6356222613	NA	0.66	0.8627	39972.3375898512	NA	0.7	0.92	51679.352717333	NA	0.924	0.9192	51825.1686805065	NA	0.881565217391304	0.890173913043478	46794.8177137317	NA
"South Korea"	0.896	0.844	19431.9711103534	NA	0.624816666666667	0.879166666666667	24170.365882158	32	-0.3	0.9124	29529.9931903519	31.3	NA	NA	NA	NA	0.49	0.8728	23268.4033342042	31.9	0.65	0.909	28732.2310762599	NA	0.064	0.923	31640.2146297141	NA	-0.55	0.838111111111111	18339	31.7	0.887260869565217	0.876217391304348	24098.2169055148	31.7	NA	NA	NA	NA	0.363	0.844	19431.9711103534	NA	NA	NA	NA	NA	0.83462962962963	0.838111111111111	19515.1355614168	31.7	NA	NA	NA	NA	0.358	0.875	15712	NA	NA	NA	NA	NA	0.62	0.8543	20798.0967693665	32	0.64	0.897	26675.4401708559	31.6	NA	NA	NA	NA	0.887260869565217	0.876217391304348	24098.2169055148	31.7
"Sri Lanka"	NA	NA	NA	NA	NA	NA	NA	NA	NA	NA	NA	NA	NA	NA	NA	NA	0.43	0.7191	2716.31842245694	38.1666666666667	NA	NA	NA	NA	0.401	0.778	4458.43443395121	37.7	NA	NA	NA	NA	0.590347826086957	0.729956521739131	3050.96018869485	38.6166666666667	NA	NA	NA	NA	NA	NA	NA	NA	0.628875	0.769	4157.23380811806	38.5	NA	NA	NA	NA	NA	NA	NA	NA	NA	NA	NA	NA	NA	NA	NA	NA	NA	NA	NA	NA	NA	NA	NA	NA	NA	NA	NA	NA	0.590347826086957	0.729956521739131	3050.96018869485	38.6166666666667
"Taiwan"	NA	NA	NA	NA	NA	NA	NA	NA	NA	NA	NA	NA	NA	NA	NA	NA	NA	NA	NA	NA	NA	NA	NA	NA	NA	NA	NA	NA	NA	NA	NA	NA	NA	NA	NA	NA	NA	NA	NA	NA	NA	NA	NA	NA	NA	NA	NA	NA	NA	NA	NA	NA	NA	NA	NA	NA	NA	NA	NA	NA	NA	NA	NA	NA	NA	NA	NA	NA	NA	NA	NA	NA	NA	NA	NA	NA	NA	NA	NA	NA
"Tamil Nadu_India"	NA	NA	NA	NA	NA	NA	NA	NA	NA	NA	NA	NA	NA	NA	NA	NA	NA	NA	NA	NA	NA	NA	NA	NA	NA	NA	NA	NA	NA	NA	NA	NA	NA	NA	NA	NA	NA	NA	NA	NA	NA	NA	NA	NA	NA	NA	NA	NA	NA	NA	NA	NA	NA	NA	NA	NA	NA	NA	NA	NA	NA	NA	NA	NA	0.61	NA	NA	NA	NA	NA	NA	NA	NA	NA	NA	NA	NA	NA	NA	NA
"Thailand"	NA	NA	NA	NA	NA	NA	NA	NA	NA	NA	NA	NA	NA	NA	NA	NA	0.57	0.7209	4718.52637390305	40.025	0.71	0.781	5708.79414662172	36	0.359	0.804	6453.89414317878	34.9	NA	NA	NA	NA	0.618130434782609	0.729130434782609	4886.31740061897	39	NA	NA	NA	NA	0.457	0.687	4023.81323478512	NA	NA	NA	NA	NA	NA	NA	NA	NA	0.594862068965517	0.690310344827586	4335.44244902748	40.5869565217391	NA	NA	NA	NA	NA	NA	NA	NA	0.69	0.6976	4248.22412540992	41.2428571428571	0.69	0.746	5425.68522658785	39.3	0.6356	0.7502	5339.86739632209	38.2	0.618130434782609	0.729130434782609	4886.31740061897	39
"Timor-Leste"	NA	NA	NA	NA	NA	NA	NA	NA	NA	NA	NA	NA	NA	NA	NA	NA	NA	NA	NA	NA	NA	NA	NA	NA	NA	0.614	1530.811079542	NA	NA	NA	NA	NA	NA	NA	NA	NA	NA	NA	NA	NA	NA	NA	NA	NA	NA	NA	NA	NA	NA	NA	NA	NA	NA	NA	NA	NA	NA	NA	NA	NA	NA	NA	NA	NA	NA	NA	NA	NA	NA	NA	NA	NA	NA	NA	NA	NA	NA	NA	NA	NA
"Vietnam"	NA	NA	NA	NA	NA	NA	NA	NA	NA	NA	NA	NA	NA	NA	NA	NA	0.56	0.6478	1802.62632295912	36.62	0.69	0.684	2595.23497870737	NA	0.296	0.703	3288.35307286665	NA	NA	NA	NA	NA	0.639434782608696	0.64995652173913	2031.23040125283	36.27	NA	NA	NA	NA	NA	NA	NA	NA	NA	NA	NA	NA	NA	NA	NA	NA	NA	NA	NA	NA	NA	NA	NA	NA	NA	NA	NA	NA	NA	NA	NA	NA	0.69	0.672	2229.32009199513	35.6	NA	NA	NA	NA	0.639434782608696	0.64995652173913	2031.23040125283	36.27
"Cape Verde"	NA	NA	NA	NA	NA	NA	NA	NA	NA	NA	NA	NA	NA	NA	NA	NA	NA	NA	NA	NA	NA	NA	NA	NA	0.397	0.676	3690.65647565113	NA	NA	NA	NA	NA	NA	NA	NA	NA	NA	NA	NA	NA	NA	NA	NA	NA	NA	NA	NA	NA	NA	NA	NA	NA	NA	NA	NA	NA	NA	NA	NA	NA	NA	NA	NA	NA	NA	NA	NA	NA	NA	NA	NA	NA	NA	NA	NA	NA	NA	NA	NA	NA
"Fiji"	0.742	0.692	4125.7299942937	NA	NA	NA	NA	NA	NA	NA	NA	NA	NA	NA	NA	NA	NA	NA	NA	NA	NA	NA	NA	NA	0.37	0.746	5678.9699421145	30.7	NA	NA	NA	NA	NA	NA	NA	NA	NA	NA	NA	NA	NA	NA	NA	NA	NA	NA	NA	NA	NA	NA	NA	NA	NA	NA	NA	NA	NA	0.757	4799	NA	NA	NA	NA	NA	NA	NA	NA	NA	NA	NA	NA	NA	NA	NA	NA	NA	0.604782608695652	0.712	4542.48589702396	36.475
"Israel"	0.911	0.855	28010.6074556958	40.7	NA	NA	NA	NA	NA	NA	NA	NA	0.851	0.889	31852.2671973223	42.6	0.64	0.8801	31481.3326040179	41.69	0.71	0.909	36206.5222171621	39.7	0.109	0.921	39591.3687578516	NA	0.19	0.855481481481481	12531	40.025	0.851565217391304	0.883869565217391	32842.1072543525	40.6055555555556	0.658	0.787	NA	NA	0.612	0.855	28010.6074556958	40.7	NA	NA	NA	NA	0.794851851851852	0.855481481481481	30931.8221034966	40.025	NA	NA	NA	NA	0.569	0.893	18440	38.9	0.829	0.858	28836.5131848105	41.5	0.69	0.8658	29921.0100793734	41.1	0.7	0.898	34491.160107118	41.6	NA	NA	NA	NA	0.851565217391304	0.883869565217391	32842.1072543525	40.6055555555556
"Madagascar"	NA	NA	NA	NA	NA	NA	NA	NA	NA	NA	NA	NA	NA	NA	NA	NA	NA	NA	NA	NA	NA	NA	NA	NA	NA	0.51	478.926961296417	NA	NA	NA	NA	NA	NA	NA	NA	NA	NA	NA	NA	NA	NA	NA	NA	NA	NA	NA	NA	NA	NA	NA	NA	NA	NA	NA	NA	NA	NA	NA	NA	NA	NA	NA	NA	NA	NA	NA	NA	NA	NA	NA	NA	NA	NA	NA	NA	NA	NA	NA	NA	NA
"Mauritius"	NA	NA	NA	NA	NA	NA	NA	NA	NA	NA	NA	NA	NA	NA	NA	NA	NA	NA	NA	NA	NA	NA	NA	NA	0.347	0.817	10956.9450226163	NA	NA	NA	NA	NA	0.60404347826087	0.747304347826087	7804.29404566798	37	NA	NA	NA	NA	NA	NA	NA	NA	NA	NA	NA	NA	NA	NA	NA	NA	NA	NA	NA	NA	NA	NA	NA	NA	NA	NA	NA	NA	0.65	0.7147	6542.2051140114	35.7	NA	NA	NA	NA	NA	NA	NA	NA	0.60404347826087	0.747304347826087	7804.29404566798	37
